306
802
740
222
272
731
491
237
88
565
578
437
504
431
1173
668
512
947
236
276
60
911
659
469
607
807
305
641
784
758
32
163
494
827
799
950
115
768
413
690
83
1126
449
878
106
608
716
218
11
1052
335
956
674
288
1028
56
810
120
847
73
657
44
543
372
688
461
712
250
686
341
780
1037
563
107
660
527
1035
141
717
634
881
519
687
925
10
759
648
983
1000
359
626
902
77
701
970
58
258
1094
637
271
48
315
309
843
808
765
725
921
825
384
333
772
1079
458
603
492
636
240
955
129
604
743
453
374
572
396
742
383
581
923
356
447
302
560
9
649
1119
1137
782
919
161
226
495
432
816
1108
166
203
254
777
423
322
577
334
631
706
818
1004
849
1051
748
842
1059
591
841
427
65
662
875
762
938
1032
3
499
598
635
546
564
259
994
66
703
117
206
786
628
900
941
400
522
974
20
812
693
624
347
516
852
43
559
252
348
592
520
377
1006
670
689
86
318
630
821
795
405
287
1005
1043
996
12
62
75
554
362
893
354
957
425
988
358
340
558
93
629
474
787
587
59
496
294
24
1116
826
101
239
379
246
625
455
792
1105
1057
615
281
738
398
570
85
296
584
454
788
834
1143
47
824
958
949
617
666
1093
683
1151
929
1121
640
1047
119
416
709
1070
926
730
430
1016
548
1029
545
468
275
734
750
33
189
361
796
70
114
64
883
392
822
1188
655
513
820
663
865
343
568
868
586
764
34
195
621
0
49
566
1090
15
126
853
82
618
1062
642
1014
1007
17
229
399
1122
694
1166
1011
172
477
350
961
434
212
486
854
173
951
991
307
153
292
102
247
569
1155
860
973
419
440
579
1076
845
110
1102
147
877
813
839
713
390
895
776
1063
105
223
861
403
753
116
139
1145
274
888
561
1009
814
1068
118
149
969
779
537
870
184
298
1085
313
524
490
751
127
770
1104
771
483
54
325
487
176
1024
503
785
643
1088
933
995
1027
2
978
291
142
406
326
793
1038
284
40
1034
927
1025
934
387
506
612
733
699
95
130
1141
327
684
214
682
300
46
219
357
583
885
916
511
1003
856
1045
167
959
1002
588
736
719
720
385
986
125
328
922
262
91
726
924
345
550
338
867
945
992
475
521
8
718
711
944
330
1133
1147
523
942
289
616
456
661
311
1020
532
42
267
831
614
697
573
836
26
1010
404
414
892
133
705
401
999
135
619
882
500
1178
132
257
211
680
790
658
755
269
63
647
1130
317
188
1113
918
1159
209
1061
426
729
51
935
402
1146
982
651
502
963
756
574
769
460
1083
576
551
525
723
936
283
104
148
530
965
174
1142
57
187
472
906
1149
111
1053
871
544
103
593
1125
928
146
485
806
304
1012
319
533
74
1109
960
1183
393
1157
869
422
754
471
534
943
243
278
1186
1103
18
109
954
932
411
794
692
791
177
1071
457
1067
290
1069
556
448
1087
669
113
676
37
752
1167
981
817
1017
324
912
429
510
1065
1015
1092
1030
136
301
123
1056
518
913
1033
1110
1127
261
536
652
749
917
609
774
985
872
465
962
998
857
557
1182
1060
1124
1086
673
896
1089
1150
737
1026
1031
1156
633
952
509
1075
244
389
763
227
874
977
1114
505
721
1023
775
1
364
937
1073
25
1001
526
596
829
99
1106
859
656
819
428
744
71
1081
439
914
1101
971
1040
76
344
1184
931
156
1048
164
1152
68
1098
444
373
381
646
1139
835
169
850
1111
800
714
207
610
838
210
463
830
783
602
899
441
376
567
667
185
704
484
508
553
121
1100
715
901
1099
417
967
735
930
760
1046
946
1132
600
541
708
833
436
707
804
190
1123
467
1044
622
1008
654
407
200
562
1091
1107
915
678
739
248
605
1136
228
36
904
412
1134
1115
886
746
462
1041
152
801
887
1144
375
552
940
388
1148
346
585
832
321
489
528
595
1164
672
466
178
235
251
781
1097
312
1078
1036
696
948
677
450
397
710
470
1112
386
1080
529
761
435
50
1018
1042
891
993
599
815
1095
1118
728
1163
61
295
968
1154
1168
180
908
939
582
134
1013
196
542
644
215
805
433
446
773
1138
394
1096
903
366
844
1039
653
473
909
1176
1058
671
514
1019
260
757
1169
700
876
143
966
144
368
851
1174
1022
811
623
879
920
1135
1131
722
889
873
1064
1170
158
1172
989
1074
664
1120
601
984
1175
445
478
809
1054
745
1162
698
571
515
1160
1129
179
547
1082
645
517
1165
975
979
1161
1185
213
1158
990
339
987
907
192
410
1049
1072
194
331
238
69
1180
691
241
837
1117
29
724
1140
1181
1187
1050
