314
7
204
31
231
52
1153
451
38
140
157
45
299
323
137
279
378
905
4
280
183
224
286
303
23
282
342
336
1021
98
369
481
230
531
293
349
797
96
171
128
367
155
424
30
980
613
482
620
351
848
855
72
67
479
498
221
78
242
862
438
442
253
264
160
606
193
866
352
138
1128
84
89
6
249
727
639
650
181
277
124
151
846
497
199
13
858
443
337
39
216
79
828
41
220
245
256
270
507
480
308
627
19
100
201
316
28
80
355
535
371
741
168
197
14
234
191
97
255
972
186
1055
540
501
145
880
320
170
589
464
175
382
488
863
21
273
122
459
87
493
580
94
263
685
910
747
35
953
789
285
112
421
898
55
695
638
420
27
265
5
803
268
198
365
150
538
329
380
539
823
131
1171
53
894
665
997
22
452
778
681
1084
1066
632
732
266
154
476
798
205
418
297
332
165
766
391
702
310
1179
594
409
202
767
408
159
370
363
182
225
16
232
549
208
415
233
162
964
575
679
884
395
90
81
864
590
890
92
597
840
897
675
1177
555
108
360
976
1077
611
217
353
