512
44
161
47
152
60
66
42
12
57
406
94
245
140
1
59
115
420
136
461
78
186
168
525
26
198
414
85
2
284
69
271
169
34
199
203
90
257
146
72
350
314
23
49
92
346
177
97
252
441
105
262
599
164
325
196
228
61
38
385
329
9
266
124
510
86
398
360
197
363
631
290
237
18
6
148
30
176
405
221
107
192
21
67
316
56
352
649
95
195
431
68
470
553
233
100
380
40
507
336
190
137
155
79
200
580
22
119
354
183
181
285
236
399
143
351
692
19
160
416
513
178
130
220
163
516
324
335
172
311
371
73
317
126
273
265
253
430
417
28
32
272
15
70
128
27
508
716
384
635
205
103
189
88
242
209
175
256
13
182
355
401
620
218
303
453
326
651
305
459
451
208
211
413
418
51
25
153
75
87
249
361
133
301
76
157
282
537
118
