447
468
561
4
213
554
427
3
364
369
58
117
547
292
318
583
89
743
485
328
439
633
345
492
493
506
132
99
397
83
802
576
518
313
377
294
219
629
14
669
111
226
591
270
171
605
223
55
261
62
539
260
386
255
334
365
216
159
24
393
165
323
615
210
456
478
121
179
127
291
11
362
446
524
428
544
557
356
71
287
98
276
491
564
579
144
113
708
101
48
479
698
589
710
142
372
194
184
575
174
339
532
487
77
341
502
36
120
359
612
10
102
330
91
409
486
82
530
772
248
383
45
129
645
224
534
0
37
122
274
442
212
240
700
425
490
469
542
344
251
17
660
705
750
254
338
7
234
519
320
302
455
684
283
742
349
357
150
387
674
707
131
114
300
728
110
756
312
5
268
556
438
403
408
567
778
191
535
559
689
54
358
353
625
154
767
630
379
295
521
147
230
628
202
315
701
235
752
794
263
586
769
514
16
366
678
264
279
382
464
333
640
227
870
112
733
50
308
433
503
703
246
436
298
217
306
551
867
193
410
574
812
280
560
278
734
319
726
188
568
683
896
434
460
296
489
340
348
826
65
801
394
477
736
247
116
74
668
201
395
412
511
577
731
757
690
832
231
96
476
590
432
526
729
536
541
545
676
808
860
543
644
572
646
497
650
751
33
391
64
435
80
170
748
457
587
816
381
558
162
681
151
239
293
423
546
777
35
149
123
429
104
214
467
639
856
331
515
773
600
617
598
888
173
288
437
509
739
806
930
138
332
540
675
342
390
466
621
761
836
286
29
307
740
52
624
695
267
8
422
691
84
238
805
482
659
93
392
845
891
299
496
522
677
145
156
529
584
449
498
610
712
373
654
835
528
655
755
402
813
440
663
779
851
892
837
776
520
565
893
39
309
404
450
481
608
759
798
552
719
396
787
549
566
754
758
775
827
872
732
746
20
424
562
720
745
811
828
907
673
31
215
258
368
592
597
662
229
375
929
187
504
879
480
494
702
782
843
463
715
658
883
730
873
890
905
109
421
527
555
388
573
869
916
407
517
594
747
134
185
680
768
204
474
538
829
374
472
657
685
343
766
465
505
679
804
593
667
670
859
166
623
665
841
180
225
259
817
885
106
158
411
642
882
909
912
595
764
206
370
846
908
277
495
523
611
222
483
643
722
862
327
789
842
41
232
310
462
501
858
139
795
848
899
656
753
878
588
108
443
632
821
46
445
647
864
941
601
648
693
426
713
718
790
834
419
653
717
322
347
699
749
866
448
833
840
850
43
269
389
458
533
682
839
475
613
735
783
900
289
774
903
571
744
786
793
63
275
637
788
902
53
244
444
452
548
582
618
664
666
760
799
304
321
337
367
686
694
711
784
932
636
771
919
938
780
814
819
824
868
585
704
721
723
763
792
796
818
934
831
844
297
634
688
897
488
471
531
627
638
709
725
791
895
81
911
661
724
770
797
852
876
935
454
602
606
823
281
378
499
609
652
738
765
141
473
737
857
861
877
925
484
604
697
820
847
854
855
936
376
570
578
687
800
807
810
853
917
927
940
626
696
815
822
926
942
241
415
622
863
865
921
928
616
939
569
714
918
922
937
207
596
603
641
762
781
875
884
889
924
500
581
874
881
671
849
886
910
135
250
550
898
923
125
167
825
880
706
809
838
906
914
619
933
243
400
913
920
672
741
830
901
931
785
803
894
871
727
887
614
904
915
607
563
