1231
1482
1522
1554
420
1373
642
896
917
929
1071
1458
240
730
1299
1314
723
869
1312
1439
374
915
1342
1394
233
1032
1168
1407
306
427
1213
1333
1374
1158
698
1019
1419
1470
1555
461
1102
1258
442
658
780
787
961
1186
1475
1125
25
149
153
620
633
697
801
861
1015
1138
1226
1302
430
477
671
703
722
733
1133
1325
614
858
470
349
373
574
587
613
679
706
716
737
756
770
930
1023
1406
1444
1528
307
997
1108
39
226
591
744
1388
561
972
1046
1077
1104
1238
1417
1449
1476
1563
481
364
634
959
1139
1148
1271
1467
384
909
323
13
216
325
833
1118
1416
1535
1539
78
484
710
903
1008
1105
1199
1207
1397
1538
1550
133
1057
1280
777
1494
2
292
300
331
444
527
540
605
665
677
687
718
720
739
788
825
848
908
964
988
1009
1012
1016
1059
1072
1101
1149
1175
1347
1354
1362
1382
1392
1401
1455
1465
1507
1527
565
594
1279
225
295
914
955
1002
1324
554
586
689
815
928
1205
1381
1484
119
298
402
418
511
571
625
715
726
761
921
962
978
1110
1409
1448
694
441
1558
134
50
255
525
889
968
1225
1260
1277
1540
1546
1564
20
193
200
229
248
279
340
448
666
814
866
1048
1060
1179
1215
1245
1261
1436
753
581
795
895
1220
1306
1313
1327
1506
112
1135
1491
18
356
19
66
120
148
150
223
238
241
275
303
378
510
643
749
760
868
986
1115
1198
1281
1297
1298
1452
1462
1515
1517
1519
1536
1545
1559
781
985
1106
1335
1464
41
52
95
560
659
1076
1292
1307
1427
123
62
161
254
264
308
437
438
497
