604
611
691
811
821
963
1073
1114
1288
1336
1395
1414
1431
1525
1529
1551
365
651
656
1305
1421
257
563
845
1085
831
87
30
108
211
234
354
395
550
562
793
830
1029
1074
1075
1200
1269
1290
1393
1480
1556
1566
536
1366
433
452
682
835
163
166
244
370
382
579
977
1242
1334
1350
1351
352
237
274
294
360
361
391
523
551
598
709
754
771
1043
1058
1093
1165
1241
1249
1267
1275
1330
1360
1477
1498
1526
205
432
482
725
803
850
348
472
975
983
1001
449
86
96
168
198
344
394
411
436
575
654
804
817
844
927
1003
1014
1034
1111
1224
1308
1322
1363
1387
1398
1415
1420
1533
548
1031
15
48
58
159
265
315
376
385
455
608
740
759
765
772
840
851
999
1006
1011
1177
1189
1320
1357
1358
209
218
253
280
644
681
857
996
1047
1191
1428
1486
183
185
537
925
1112
1126
1184
1259
92
179
629
767
826
931
953
993
1039
1116
1163
1451
3
217
335
495
1078
1534
132
319
458
686
1049
199
649
887
1097
588
1488
429
932
1151
493
172
555
480
74
76
82
88
91
128
139
146
151
170
173
176
186
188
192
194
214
261
263
271
290
305
330
338
358
440
471
485
488
489
500
501
534
535
552
564
595
596
600
607
616
621
670
684
690
751
785
786
797
798
807
842
852
878
881
892
910
960
969
984
989
995
1028
1045
1056
1064
1081
1087
1096
1122
1128
1131
1161
1172
1188
1214
1234
1239
1248
1250
1262
1282
1316
1329
1343
1344
1356
1365
1370
1386
1403
1413
1418
1424
1438
1440
1441
1453
1454
1456
1460
1469
1474
1496
1500
1509
1512
1513
1518
1530
1532
1557
508
34
114
859
768
865
894
949
674
1084
1157
221
195
578
597
728
1229
45
60
256
259
398
462
42
93
494
1061
1063
1113
1152
1208
1276
1321
1422
1497
64
117
228
299
475
688
809
828
854
1240
296
421
512
650
702
829
56
122
220
473
583
885
987
1066
1291
1445
763
7
22
28
99
145
174
267
293
314
445
463
572
623
673
693
764
875
924
938
1038
1092
1098
1130
1202
1278
1378
1405
1412
1471
1508
1531
321
371
408
635
667
140
9
12
33
55
85
97
277
474
618
695
755
836
904
970
1051
1088
1160
1353
1389
1391
1434
1468
1514
1523
1561
231
1377
222
302
310
664
943
1396
1086
372
979
169
14
32
80
175
177
197
332
339
381
389
393
400
405
464
514
592
669
672
701
732
802
942
1013
1069
1080
1094
1124
1173
1203
1294
1472
1473
1479
1503
860
284
428
522
615
783
1025
49
144
152
404
529
545
655
685
745
898
913
934
1154
1176
1493
6
403
584
610
350
883
75
181
227
43
73
154
184
291
346
388
417
504
530
601
652
707
870
900
965
1022
1050
1089
1140
1171
1216
1284
1361
1466
1489
1492
1520
1541
1562
392
532
862
16
328
415
456
603
721
776
946
83
558
57
59
111
125
313
333
435
519
599
838
926
1255
1317
252
272
40
70
79
102
212
281
509
566
653
800
849
923
945
981
1026
1053
1156
1301
1457
1490
1521
1542
832
204
454
502
528
708
994
1021
1035
1146
1187
1266
1285
1310
1372
416
94
247
676
746
933
1041
1192
304
950
171
491
10
107
110
118
131
136
155
187
285
301
316
383
399
425
450
468
496
549
627
631
660
668
680
741
853
855
876
888
941
982
1000
1054
1065
1169
1178
1183
1243
1244
1247
1309
1423
1442
1487
1136
89
1145
158
406
337
547
589
791
792
958
1037
1180
515
843
609
106
191
235
239
268
318
387
717
1167
1170
1206
1319
1359
1383
1504
278
947
5
11
84
98
203
230
336
531
557
570
612
819
823
839
918
1055
1155
1339
1348
1375
1495
390
577
897
17
327
61
68
69
189
206
232
377
426
516
569
646
727
742
774
806
906
920
1190
1201
1228
1303
1502
590
1017
434
1162
116
805
827
901
343
105
322
368
486
559
796
936
1132
1246
1257
137
243
507
837
46
65
127
249
543
714
812
873
884
937
1212
1223
1236
1293
1332
1390
1511
1537
1543
1549
258
1185
142
246
317
778
1083
164
606
617
636
683
699
724
743
757
976
991
1030
1040
1147
1194
1227
1263
1304
1341
1425
1430
1552
916
369
242
355
401
410
423
503
544
647
719
1070
1141
1256
1437
1033
156
202
273
311
347
711
758
967
973
1100
1174
1210
1265
451
517
556
935
1024
1433
309
954
1095
1268
77
490
696
31
35
1
4
36
113
130
215
326
342
419
447
580
619
632
641
648
675
678
692
700
704
713
736
748
766
782
789
810
871
880
893
899
944
974
998
1099
1119
1121
1209
1217
1235
1289
1315
1349
1352
1364
1367
1369
1379
1380
1402
1426
1429
1461
1483
1505
1547
90
443
386
439
353
297
446
762
121
182
21
26
27
593
957
1211
1252
1326
341
23
54
104
286
469
638
808
824
948
1036
1159
1318
1411
1478
459
1042
276
359
956
8
51
115
126
141
167
414
422
492
521
539
576
637
750
864
867
877
1044
1253
1295
1328
1553
100
162
568
1197
524
542
663
738
794
952
1005
1007
1129
1286
1296
1323
1510
1516
138
67
101
1027
1166
453
72
157
467
847
1079
1082
1274
1283
1385
129
874
1109
357
1264
1399
269
109
165
266
270
324
367
397
413
424
567
628
912
1230
1287
1376
1446
863
971
251
224
465
513
546
573
1068
345
103
63
160
287
520
747
779
856
891
911
1067
1204
1300
1447
1524
1567
334
396
289
329
457
526
533
630
735
1450
1501
260
585
731
940
47
53
476
478
813
890
1345
24
375
379
499
582
886
1018
1107
124
518
662
0
44
147
213
351
380
431
460
479
541
645
784
882
905
951
966
990
1091
1120
1142
1164
1196
1233
1251
1273
1346
1368
1371
1435
1459
1548
1565
262
922
1218
466
71
210
752
250
773
902
196
208
498
553
769
816
841
992
1020
1182
1331
1432
1499
712
626
846
1195
1400
1560
135
775
820
980
818
640
939
1117
1143
1181
1222
622
624
282
506
657
483
29
38
180
201
219
363
538
602
661
799
834
879
1062
1134
1144
1219
1221
1237
1355
1408
366
705
1137
1193
1103
81
288
362
409
919
1123
1443
790
1311
190
283
320
1410
207
312
729
1127
1272
822
1090
1384
505
907
1150
1004
1254
1337
1463
178
487
639
236
407
1270
1340
1481
1485
1544
245
1338
1404
412
734
1153
143
37
872
1232
1010
1052
