21
94
107
190
207
344
487
524
545
605
662
668
686
694
733
785
899
941
942
975
987
1045
1126
1138
1178
1182
1240
1333
1334
1397
1536
1539
1540
1544
1559
1592
1609
1656
1690
1781
1790
1801
1807
1843
1857
2004
2064
2077
2082
2118
2129
2170
2185
2213
2225
2245
2363
2377
2399
2438
2441
2443
211
502
1588
1869
67
100
130
275
746
1375
1788
1800
2028
362
647
867
894
1223
1319
2070
395
757
1331
1712
1804
1873
1944
2093
654
25
206
214
307
442
528
703
877
986
1002
1464
1803
1812
1928
2122
2138
2269
915
5
10
96
153
402
450
572
626
804
884
978
1158
1315
1355
1376
1467
1487
1537
1561
1587
1618
1709
1754
1822
1848
2014
2060
2080
2106
2180
1222
168
973
1099
1119
315
650
146
266
360
406
497
511
548
712
767
955
1134
1363
1390
1433
1474
1515
1590
1677
1732
1880
1884
1983
2104
2405
49
441
493
1516
267
470
710
924
1016
1465
1909
1977
165
14
284
751
1392
2030
1547
6
176
230
246
328
637
689
731
798
807
838
864
890
996
1047
1139
1203
1206
1244
1245
1339
1364
1407
1417
1422
1564
1571
1648
1749
1819
1937
1999
2069
2112
2120
2296
2329
2373
58
159
510
16
178
373
582
860
882
1661
675
41
384
723
787
793
811
856
888
912
967
983
1221
1309
1343
1679
1844
1924
2044
2299
2320
242
175
895
1055
1081
56
454
491
929
1557
507
859
13
51
57
105
111
127
136
144
177
302
305
323
435
453
457
515
538
549
627
664
681
698
706
753
875
905
925
945
1008
1018
1041
1054
1127
1262
1273
1278
1286
1307
1332
1413
1420
1424
1443
1453
1471
1472
1481
1489
1686
1704
1751
1763
1837
1871
1886
1896
1996
2001
2116
2127
2241
2428
1365
459
198
212
333
832
1196
1903
677
610
624
629
826
1022
1152
1200
1492
1626
1630
1697
1985
1098
37
999
66
91
108
156
216
277
354
404
460
466
536
568
571
638
682
754
770
857
865
998
1070
1073
1097
1186
1187
1224
1225
1301
1399
1408
1671
1714
1784
1793
1835
2210
349
125
244
342
461
846
851
1004
1074
1255
1279
1600
2075
251
54
203
387
780
1069
653
722
963
273
655
881
47
52
113
191
229
235
249
254
262
339
347
363
366
483
534
557
584
616
674
700
742
745
762
848
861
962
1067
1085
1150
1227
1238
1360
1402
1429
1450
1496
1513
1541
1554
1556
1563
1574
1593
1792
1795
1847
1860
1885
1931
1938
1945
1952
1953
1958
1976
1986
1998
2023
2053
2058
2130
2134
2136
2153
2169
2171
2173
2208
2287
2288
2292
2334
