2366
2367
2370
2392
118
260
692
29
964
1434
407
492
639
1442
1524
821
265
666
1267
1461
1711
444
1503
1836
131
232
381
494
763
847
909
1084
1106
1198
1432
1535
1739
1798
2157
2194
19
114
544
843
911
1157
1601
607
64
65
83
109
150
208
252
410
421
424
541
720
755
782
806
842
850
872
885
918
939
966
1025
1059
1061
1143
1197
1217
1236
1289
1291
1318
1327
1423
1439
1468
1602
1610
1682
1720
1736
1770
1824
1831
1875
1911
1917
1926
1929
1956
1994
2019
2088
2091
2115
2187
2188
2219
2229
2346
2406
608
181
695
71
76
180
367
625
634
820
907
948
1090
197
427
504
562
48
11
79
87
142
314
369
394
412
561
707
727
822
849
904
928
954
1169
1310
1367
1555
1581
1595
1619
1702
1705
1731
1809
2012
2027
2105
2162
2164
2217
1382
433
505
24
69
89
274
550
862
901
1175
1314
1444
1447
1623
1764
1818
15
619
747
279
555
558
612
1207
1604
63
129
351
611
614
819
1288
1616
162
201
809
956
1237
148
182
331
869
280
1082
3
26
27
78
92
134
135
179
226
227
257
264
272
282
286
294
295
310
313
346
348
353
405
475
477
481
495
512
565
588
652
673
676
719
729
740
752
773
803
835
837
866
870
876
887
892
902
910
958
960
969
972
1006
1009
1023
1046
1064
1109
1112
1128
1132
1153
1165
1181
1219
1243
1250
1282
1283
1305
1349
1380
1396
1403
1412
1500
1504
1551
1566
1637
1665
1666
1675
1678
1692
1721
1746
1760
1817
1852
1854
1918
1940
1974
1991
2016
2029
2031
2051
2092
2111
2125
2139
2163
2179
2184
2199
2209
2218
2224
2230
2300
2313
2323
2332
2362
2379
311
104
269
688
139
213
423
537
708
1706
1083
72
167
300
389
523
699
810
906
1075
1201
1627
684
12
188
503
736
815
1269
1303
1351
1710
1814
593
667
86
103
138
151
157
258
287
338
364
400
473
509
531
553
563
749
786
824
874
995
1029
1087
1171
1194
1230
1234
1285
1411
1426
1490
1529
1629
1696
1726
1729
1748
1782
2089
2158
70
101
166
443
574
808
1229
194
564
0
30
36
126
149
183
380
414
452
468
554
603
630
631
680
687
778
788
1012
1195
1214
1251
1308
1371
1398
1406
1428
1448
1451
1463
1542
1583
1591
1638
1756
1774
1811
1820
1826
1853
1949
1964
1993
2013
2037
2049
2068
2291
325
1580
185
293
2099
621
322
358
359
604
618
657
784
992
1160
1272
1295
1458
1478
1531
1621
1742
1890
1971
2235
82
123
580
643
1395
1446
1713
777
526
965
98
919
17
59
152
240
297
308
318
371
392
430
431
467
474
478
485
500
533
542
547
595
602
663
764
765
781
818
893
896
953
1007
1010
1017
1100
1130
1136
1144
1145
1167
1183
1192
1209
1213
1231
1265
1336
1449
1473
1495
1506
1560
1562
1596
1608
1617
1624
1640
1698
1734
1755
1768
1783
1797
1806
1863
1893
1898
1921
1942
1973
2035
2046
2065
2100
2119
2133
2221
2266
2273
2328
2331
2376
1071
1830
163
403
725
829
1028
1113
1520
1530
2142
32
133
261
312
335
343
374
462
469
506
552
951
961
1056
1312
1344
1394
1900
1984
2034
2087
985
1037
288
319
530
921
1151
1253
77
169
184
283
290
321
355
388
472
569
600
685
696
702
715
792
827
844
957
974
1049
1080
1096
1146
1191
1235
1241
1254
1260
1346
1381
1418
1436
1459
1488
1660
1685
1688
1689
1728
1789
1882
1980
1997
2078
2128
2178
2205
2228
2270
2282
817
1594
320
376
508
576
617
831
1032
1455
796
112
40
99
220
337
425
519
540
556
566
592
691
839
863
873
879
923
946
950
1052
1164
1166
1172
1216
1281
1325
1378
1510
1614
1655
1659
1676
1737
1767
1862
2248
2251
43
74
218
499
721
42
7
81
245
436
498
525
596
599
671
735
920
1105
1133
1340
1989
2018
18
28
75
205
270
609
644
645
659
718
858
914
979
1058
1129
1162
1242
1387
1393
1497
1514
1684
1864
31
84
141
278
332
379
458
672
926
990
1758
60
255
938
1156
1320
1324
2025
399
486
897
1246
1876
296
678
1431
378
922
991
670
1000
345
9
23
46
55
80
88
93
95
97
106
110
116
117
124
140
192
193
200
223
228
234
237
243
247
248
256
263
281
309
341
356
361
398
401
415
417
418
465
471
513
529
560
581
622
623
636
649
656
660
716
726
730
737
748
760
774
779
797
799
814
833
853
980
981
993
1030
1040
1051
1063
1066
1078
1103
1111
1115
1149
1155
1176
1184
1193
1199
1220
1232
1263
1268
1275
1299
1316
1323
1370
1377
1419
1425
1430
1457
1460
1462
1469
1483
1508
1509
1511
1519
1527
1550
1565
1573
1584
1589
1599
1613
1620
1622
1631
1646
1673
1687
1693
1694
1699
1719
1744
1750
1762
1765
1766
1769
1776
1810
1833
1851
1855
1866
1870
1872
1881
1888
1910
1912
1950
1951
1960
1975
2002
2006
2010
2011
2026
2045
2056
2074
2086
2094
2141
2152
2166
2174
2175
2182
2193
2195
2197
2200
2220
2231
2233
2238
2239
2242
2247
2284
2293
2307
2322
2325
2337
2345
2374
2387
2422
2434
2445
2447
20
329
1077
476
855
1031
868
2156
33
1116
1330
1347
1521
291
304
539
1205
1261
1373
1502
1597
1778
1841
1962
174
594
137
289
419
577
620
944
949
1015
1445
1485
1715
2042
2324
551
1218
50
53
85
233
238
306
420
455
490
522
871
913
982
1021
1108
1185
1215
1306
1476
1567
1653
1954
2137
2154
1287
44
128
532
34
121
221
241
268
573
579
591
633
635
741
783
900
943
947
968
997
1024
1027
1163
1170
1188
1210
1233
1284
1345
1368
1441
1548
1572
1652
1787
1791
1799
1808
1823
1828
1834
1874
1904
2067
2186
2198
2274
2336
2343
578
173
463
1011
445
697
1110
1322
1484
790
90
160
396
426
432
434
448
451
527
567
606
640
661
709
791
934
952
1014
1034
1131
1276
1454
1534
1569
1578
1701
1724
1773
1779
1861
1883
1892
1969
2003
2024
2048
2054
2061
2114
2160
2234
2257
2265
2295
2304
2350
2398
1
38
299
170
559
501
586
1859
2176
324
1033
186
199
372
438
439
449
800
813
903
927
937
977
1118
1270
1353
1409
1416
1650
1777
2342
2347
210
334
514
775
1003
1475
1654
1747
1850
2066
2132
2150
2215
437
744
1290
1543
1606
1897
189
1404
1842
385
701
2
4
35
102
122
143
154
171
217
231
298
326
340
350
352
386
413
416
440
446
575
598
601
704
739
802
828
854
889
932
988
1001
1076
1089
1094
1125
1135
1258
1297
1328
1329
1359
1391
1452
1456
1494
1498
1507
1518
1528
1586
1607
1634
1649
1664
1669
1695
1703
1707
1716
1796
1821
1839
1858
1868
1895
1905
1914
1916
1935
1941
1957
2000
2008
2021
2038
2095
2131
2144
2201
2260
2261
2275
2317
2319
2340
2348
2354
2355
2356
2372
2391
2416
2417
2437
301
521
690
39
772
1294
1379
1633
61
683
769
789
1060
1120
1174
1361
1526
2357
852
1107
768
132
195
219
756
816
825
971
976
1020
1036
1189
1293
1296
1374
1549
1552
1582
1674
1825
1832
1856
1913
2009
2033
2083
2167
2250
2255
2360
2383
1440
496
834
1259
1625
2124
2022
45
120
145
164
370
393
484
587
597
615
641
642
651
734
795
801
805
812
823
841
886
891
898
908
935
984
1005
1035
1042
1053
1102
1117
1154
1159
1177
1248
1249
1264
1298
1302
1304
1335
1356
1383
1486
1512
1517
1570
1636
1641
1647
1667
1722
1735
1771
1815
1827
1840
1849
1922
1925
1963
1981
2041
2096
2196
2203
2236
2240
2246
2252
2254
2259
2262
2271
2278
2290
2305
2309
2321
2335
2359
2407
2423
2425
738
330
1959
202
1068
1092
1140
1179
1317
1341
1388
1427
1437
1479
1785
2253
693
73
119
204
209
222
225
271
336
357
390
456
543
546
590
711
713
728
732
759
761
771
776
794
845
878
883
1050
1091
1121
1124
1161
1204
1226
1292
1313
1354
1366
1384
1410
1435
1522
1538
1575
1658
1725
1743
1802
1865
1906
1933
1947
2039
2047
2057
2063
2101
2107
2140
2161
2191
2207
2212
2222
2303
2308
2314
155
743
1672
429
259
285
317
368
375
391
422
428
520
535
669
724
959
1013
1039
1062
1079
1104
1122
1137
1142
1180
1202
1239
1357
1372
1414
1553
1668
1683
1723
1780
1846
1907
1920
1932
1967
2216
2264
2369
2371
2378
2381
714
1643
239
518
648
705
1026
1148
1342
1352
1405
1632
1745
1891
1968
2020
2059
2073
2110
2263
2301
517
613
989
1057
1086
1190
1256
1389
1501
1644
1657
1727
1738
1761
1772
1805
1939
2126
8
1123
1576
1577
1585
1662
1995
411
570
994
1257
236
464
1300
646
2071
1095
196
187
22
62
68
115
147
158
161
172
215
224
250
253
276
292
303
316
327
365
377
382
383
397
408
409
447
479
480
482
488
489
516
583
585
589
628
632
658
665
679
717
750
758
766
830
836
840
880
916
917
930
931
933
936
940
970
1019
1038
1043
1044
1048
1065
1072
1088
1093
1101
1114
1141
1147
1168
1173
1208
1211
1212
1228
1247
1252
1266
1271
1274
1277
1280
1311
1321
1326
1337
1338
1348
1350
1358
1362
1369
1385
1386
1400
1401
1415
1421
1438
1466
1470
1477
1480
1482
1491
1493
1499
1505
1523
1525
1532
1533
1545
1546
1558
1568
1579
1598
1603
1605
1611
1612
1615
1628
1635
1639
1642
1645
1651
1663
1670
1680
1681
1691
1700
1708
1717
1718
1730
1733
1740
1741
1752
1753
1757
1759
1775
1786
1794
1813
1816
1829
1838
1845
1867
1877
1878
1879
1887
1889
1894
1899
1901
1902
1908
1915
1919
1923
1927
1930
1934
1936
1943
1946
1948
1955
1961
1965
1966
1970
1972
1978
1979
1982
1987
1988
1990
1992
2005
2007
2015
2017
2032
2036
2040
2043
2050
2052
2055
2062
2072
2076
2079
2081
2084
2085
2090
2097
2098
2102
2103
2108
2109
2113
2117
2121
2123
2135
2143
2145
2146
2147
2148
2149
2151
2155
2159
2165
2168
2172
2177
2181
2183
2189
2190
2192
2202
2204
2206
2211
2214
2223
2226
2227
2232
2237
2243
2244
2249
2256
2258
2267
2268
2272
2276
2277
2279
2280
2281
2283
2285
2286
2289
2294
2297
2298
2302
2306
2310
2311
2312
2315
2316
2318
2326
2327
2330
2333
2338
2339
2341
2344
2349
2351
2352
2353
2358
2361
2364
2365
2368
2375
2380
2382
2384
2385
2386
2388
2389
2390
2393
2394
2395
2396
2397
2400
2401
2402
2403
2404
2408
2409
2410
2411
2412
2413
2414
2415
2418
2419
2420
2421
2424
2426
2427
2429
2430
2431
2432
2433
2435
2436
2439
2440
2442
2444
2446
