243
449
1086
125
252
491
916
1245
220
309
859
949
1475
16
342
381
1373
79
109
1017
197
755
943
1198
260
274
558
579
903
1166
1529
142
208
1042
1374
83
818
189
860
891
919
226
502
931
480
958
965
1377
327
807
118
459
31
357
429
609
696
48
453
518
534
536
637
792
832
917
145
169
182
193
443
633
786
850
870
904
922
1163
1268
1555
140
181
365
396
432
715
750
1251
206
416
768
105
123
147
158
297
386
1025
1320
1328
1335
1353
57
68
272
853
874
1145
1313
343
423
476
532
695
862
947
977
1027
1345
5
27
217
253
350
483
526
865
1439
101
223
231
355
387
477
729
1089
1527
979
1324
72
172
191
334
353
660
668
915
951
1037
1054
1103
1190
17
232
440
546
662
673
1185
1307
1416
214
307
439
456
530
694
749
797
1295
81
346
360
411
462
617
932
1138
1290
1419
124
204
299
524
550
555
725
861
1000
1085
1096
1211
1285
1388
75
281
292
345
372
450
542
888
994
1356
1399
1534
157
263
352
417
573
578
580
840
910
1162
1288
32
46
102
136
258
421
441
538
627
678
837
884
911
1033
1218
1310
56
200
244
585
606
971
1180
1192
1366
1563
114
246
415
434
468
481
496
708
772
811
824
845
883
887
900
906
1297
1535
49
50
242
447
515
568
588
603
961
1001
1121
1196
1216
1235
1488
59
116
167
183
326
446
490
721
776
863
940
1003
1084
1132
1160
1262
1364
1453
1469
1483
1519
77
91
205
209
278
525
547
564
730
826
835
929
1019
1058
1105
1112
1159
1214
1231
1277
1458
1554
61
171
221
257
369
398
405
460
591
599
656
657
726
791
879
914
953
956
1031
1229
1232
1276
1472
313
392
427
433
493
499
572
582
677
848
912
926
946
954
964
1053
1157
1278
1371
1420
20
42
97
98
110
120
150
284
373
390
397
458
495
540
563
589
614
651
711
901
1095
1116
1189
1240
30
86
210
254
275
287
333
375
379
420
430
471
485
517
605
623
664
676
685
691
728
841
844
894
896
966
1021
1071
1188
1243
1252
1264
1461
1470
40
104
282
317
337
348
359
408
559
597
612
615
647
687
823
847
877
923
944
973
1002
1040
1067
1097
1155
1248
1421
1479
1541
51
111
115
141
144
293
304
435
457
487
492
507
527
583
712
752
762
763
897
980
1009
1063
1098
1257
1281
1325
1427
1433
1474
1500
1547
60
76
112
163
166
168
179
194
202
247
344
368
376
418
478
514
537
576
628
642
649
742
781
812
813
820
950
972
985
997
1022
1077
1078
1109
1143
1148
1154
1193
1200
1274
1294
1319
1351
1482
1491
3
6
24
71
84
132
195
215
259
393
399
553
629
714
746
769
783
838
881
886
909
1074
1106
1184
1197
1256
1272
1292
1305
10
63
74
78
134
159
162
290
320
371
428
472
535
607
635
667
686
766
810
890
899
982
992
1046
1061
1083
1090
1108
1124
1175
1239
1315
1317
1354
1358
1369
1392
1418
23
93
239
251
295
303
319
328
377
445
522
544
610
692
723
736
770
775
777
799
805
843
846
967
993
1014
1068
1125
1152
1161
1208
1253
29
94
177
218
224
268
288
311
335
347
349
403
452
506
562
565
634
700
702
724
767
957
962
983
984
998
1006
1049
1066
1107
1142
1171
1287
1293
1304
1306
1332
1505
1552
13
52
69
88
108
117
156
199
207
222
256
308
312
358
384
422
424
454
461
474
500
519
592
669
682
741
758
773
796
809
819
858
935
975
990
1007
1018
1060
1135
1149
1167
1169
1210
1220
1222
1267
1280
1284
1299
1326
1422
1454
1464
1485
1497
1528
26
45
100
121
131
135
192
225
237
238
310
314
321
413
470
489
494
577
581
584
586
604
618
644
661
688
690
713
738
744
757
764
793
842
895
928
959
970
988
1020
1024
1045
1080
1104
1115
1140
1174
1195
1246
1255
1265
1321
1327
1333
1432
1441
1506
1513
1539
1566
73
170
173
219
228
236
250
255
273
296
302
318
354
448
455
486
523
551
619
624
720
756
889
933
955
974
1062
1100
1127
1131
1139
1144
1247
1271
1363
1396
1398
1404
1409
1489
1517
28
106
160
174
180
235
294
306
332
395
410
426
479
554
560
596
659
663
697
722
733
765
808
825
829
857
878
907
913
945
1005
1029
1064
1069
1088
1141
1228
1311
1379
1429
1446
1451
1484
1550
2
21
41
133
280
322
338
463
475
501
505
549
616
622
638
648
650
683
717
790
849
885
960
1013
1039
1047
1059
1082
1099
1130
1146
1150
1187
1207
1260
1269
1283
1372
1383
1386
1390
1395
1397
1460
1466
1502
1504
1532
1558
22
43
47
53
64
119
161
175
185
261
265
285
291
383
401
438
465
488
513
557
593
621
640
655
658
671
672
679
743
867
876
898
902
936
948
976
989
999
1008
1035
1038
1076
1079
1120
1137
1170
1179
1233
1236
1259
1266
1296
1334
1361
1424
1435
1478
1493
1503
1544
37
95
113
186
188
213
362
380
385
467
512
516
626
675
681
710
716
816
839
925
1004
1036
1048
1050
1070
1081
1094
1126
1191
1215
1221
1314
1318
1355
1359
1368
1376
1411
1413
1437
1445
1450
1494
1520
1533
7
122
128
152
155
164
198
201
267
286
300
315
324
329
336
363
370
400
404
442
473
503
504
521
529
531
543
552
566
646
670
705
739
751
787
789
806
872
905
908
924
941
986
1057
1117
1164
1177
1203
1206
1238
1242
1336
1339
1341
1350
1362
1380
1385
1387
1426
1447
1490
1499
1518
1522
1530
1560
39
54
65
127
148
176
230
234
249
316
364
366
469
497
509
528
587
600
611
632
698
734
740
745
754
759
815
817
918
934
987
1065
1073
1092
1119
1128
1147
1181
1237
1254
1258
1263
1270
1291
1309
1322
1357
1365
1367
1391
1428
1444
1449
1468
1501
1510
1525
1538
1545
1549
1559
1564
8
12
19
25
58
62
82
99
146
178
184
229
340
382
414
436
444
484
511
545
666
689
706
735
780
782
785
833
856
875
892
938
978
991
1011
1030
1055
1056
1122
1133
1158
1176
1199
1205
1219
1230
1273
1378
1381
1384
1402
1414
1425
1434
1436
1443
1455
1456
1457
1463
1465
1486
1526
1531
1540
85
96
126
139
165
266
289
298
301
305
330
374
412
570
574
595
608
630
643
653
703
707
761
804
821
822
830
851
868
882
927
937
995
1026
1028
1051
1101
1102
1123
1153
1194
1201
1261
1282
1312
1316
1338
1349
1352
1370
1389
1403
1430
1495
1524
1536
1543
1551
1553
1556
1561
0
11
15
143
153
154
187
240
248
367
402
437
498
520
539
561
571
601
636
693
699
704
784
814
864
866
871
880
939
981
1023
1034
1044
1052
1156
1182
1202
1204
1217
1223
1244
1302
1323
1331
1340
1342
1401
1406
1412
1496
1508
1512
1521
1542
9
36
38
80
107
130
190
196
245
283
325
351
407
613
654
718
727
737
779
794
800
963
969
1075
1111
1183
1308
1343
1344
1346
1347
1375
1405
1415
1431
1438
1442
1448
1477
1480
1514
4
212
216
378
464
575
598
684
709
732
747
801
893
942
952
1032
1110
1134
1168
1173
1209
1301
1303
1329
1408
1410
1452
1473
1492
1509
1511
1515
1523
1537
33
44
55
66
149
277
339
409
510
620
625
631
836
852
855
873
921
1118
1129
1178
1212
1224
1249
1275
1289
1382
1394
1417
1440
1462
1476
1481
1516
1565
1567
14
331
391
602
639
641
680
760
771
834
869
1010
1012
1015
1016
1043
1091
1093
1165
1172
1225
1286
1330
1360
1423
1487
1498
1548
1557
361
541
701
774
802
930
1226
1241
1400
1459
1467
1507
1546
645
920
968
1087
1213
211
652
665
1337
1562
1186
