733
1446
533
1177
401
444
632
1597
1884
1671
66
1084
488
550
1717
1521
471
377
672
38
245
431
791
1835
1404
388
336
1343
940
147
57
1614
564
362
505
761
202
1519
760
1615
1051
1811
1096
44
331
1023
770
353
1227
1329
257
409
582
1183
819
1011
1669
1686
1568
1478
1656
83
451
1012
1057
1384
1532
1604
678
825
1272
183
1046
316
461
366
387
799
201
997
1646
635
74
1406
812
848
498
384
422
491
1034
709
1949
193
814
1203
692
99
752
1156
1573
88
669
642
1104
34
1080
605
1640
571
261
56
325
596
704
973
542
425
1639
236
1471
233
1885
328
1131
1101
280
1396
1547
1070
1298
1674
1603
798
230
1736
1018
1834
1169
224
911
454
988
161
570
1945
1400
987
338
591
721
314
2055
41
84
1338
1286
1303
576
1354
335
1510
1248
1090
281
490
794
1060
1563
1145
11
231
1221
938
530
82
247
1229
1086
782
1449
992
118
89
677
528
1539
539
724
821
1390
1636
150
593
1099
1089
1596
888
361
1526
1489
363
1158
1492
1968
270
541
1106
1062
792
1691
439
1218
847
568
16
358
64
800
1076
1505
14
526
102
806
1318
1040
1648
1776
1292
136
223
614
1713
1678
763
323
1165
214
29
1523
36
1187
631
639
615
1315
1458
1327
1503
78
1372
1339
1676
327
555
1291
667
1761
579
497
1152
652
514
1715
375
283
650
80
496
1348
885
290
278
897
647
188
985
1239
476
1276
959
1252
1118
272
1123
255
950
473
478
1940
522
185
250
1351
304
1190
48
75
956
1155
617
1394
502
1324
671
253
1242
1494
1705
1868
1468
1632
1572
949
301
1103
77
112
979
830
538
1934
608
1933
1048
1881
206
627
736
778
1939
1268
1335
718
1119
1756
1812
559
903
1188
1139
1624
1050
1606
567
1417
1110
1961
1545
205
978
1419
1448
1693
432
661
15
1310
758
1160
267
194
757
92
479
204
1234
566
2001
1222
1362
693
1518
1039
1411
1143
1013
850
1550
824
925
1288
76
1267
1719
68
894
1420
18
469
910
817
521
1653
1059
1114
1387
1484
122
1716
581
1379
1195
896
420
9
1185
1207
390
1498
1711
1370
892
1301
789
1613
1681
2024
1382
130
1232
1454
165
1722
475
1135
1091
1680
1010
747
1473
2016
1784
1836
218
343
787
69
1666
1647
1132
1552
1969
809
1337
47
1249
999
427
871
1829
313
902
1323
380
980
37
611
1197
957
1873
1278
775
227
1695
578
333
1209
536
402
1631
1560
588
467
1312
1941
410
845
1403
318
732
1731
1035
638
964
1843
1199
1228
1496
1311
1467
225
1755
1021
1426
382
884
263
1767
1757
855
1923
459
1083
1497
1679
712
43
1893
175
1127
951
655
1818
448
22
577
1798
1954
1745
1134
419
1066
344
587
909
1178
1017
1839
1447
1813
407
887
21
312
841
399
939
1284
1141
1413
1810
551
1775
2009
803
1450
1808
1889
462
771
640
1700
1236
1867
1960
1651
1554
646
1275
189
660
813
1672
1899
1285
10
919
2030
1609
1581
1138
569
603
117
1193
1783
332
114
1196
1595
1194
1212
376
710
1659
1904
1414
777
146
174
1256
1975
1675
1590
1575
1698
1531
1571
240
595
735
843
1772
126
1240
1261
1847
400
2043
449
1115
1479
609
1967
1208
1341
1121
1643
751
1683
1293
1399
1054
1848
1481
168
1316
329
1685
772
1644
2029
441
1462
1202
1429
696
1787
931
1991
1366
381
556
1350
1515
1122
360
1600
1273
321
370
713
1133
1334
1894
2040
668
1067
816
1342
1888
689
879
1751
458
144
1332
1611
1392
1534
1410
1536
1363
1851
1056
1623
295
1582
128
1622
1287
673
1724
61
1173
829
1164
349
1280
1077
873
1557
1856
1870
1511
1570
637
891
1551
371
1246
702
1734
737
1543
1852
1846
1265
487
1730
1763
1427
759
460
1850
872
1687
1061
1594
1045
1555
1211
944
1662
2042
1019
1149
1205
1962
1504
1998
1493
924
1749
990
1474
1906
1516
1219
1294
1740
1605
1415
1157
1179
1238
1788
1385
1485
653
1072
1826
1344
738
781
870
466
1264
715
164
273
908
1442
754
895
690
1144
287
1026
1517
921
1718
918
113
682
1684
1880
1499
1036
1803
1750
785
837
1887
1153
1855
1506
1295
844
359
1860
1903
805
1258
1430
1911
20
324
1694
986
1670
773
1260
726
1853
728
2012
108
142
1735
676
2023
45
1328
1546
1612
1000
456
121
1655
226
1981
504
1619
840
1586
2027
1633
1746
1952
171
307
383
1752
19
1214
160
1137
1537
1184
1423
1792
217
1064
72
1112
1905
1352
863
930
1805
1972
1696
1706
1592
1677
1367
1634
600
369
960
886
1166
1930
1055
1455
1191
991
1667
969
1799
339
481
1306
1369
284
1725
1380
622
589
1816
965
1801
1720
1909
1422
1616
1579
1823
2008
1985
851
1658
1459
1231
1307
1673
493
1309
337
1861
636
1566
1591
967
1105
153
1567
875
802
1405
213
1692
1508
1477
658
1359
936
948
1773
560
1297
1921
989
1535
1984
1938
1162
1313
433
697
1913
963
1259
1845
1117
657
53
1664
1230
1689
1529
998
719
499
1929
2021
1472
495
1237
103
1951
340
2036
1502
1854
1937
750
711
1871
1980
1220
1802
438
1092
1216
159
1151
446
1244
187
510
1820
1999
1391
1729
1649
1217
1774
235
98
1027
1381
1465
1690
1925
1771
1759
1806
1386
1910
1668
701
1944
139
994
1741
1599
1842
1308
1935
1979
1014
1225
926
1827
1302
1049
354
1540
1779
1765
1831
729
2010
1210
1577
1148
1402
827
1025
1947
557
2052
1434
1728
1006
691
834
346
705
1580
1766
1524
1398
599
665
129
1283
1349
1475
1576
2053
1814
2037
1795
352
1946
1965
1936
1476
1470
1507
1528
8
1456
1914
1305
1304
148
320
1583
1038
437
1257
1129
1824
1924
687
378
1320
1393
127
463
1781
1989
674
472
1163
928
620
974
2041
1253
1627
71
1819
628
1948
592
1625
1353
1030
947
1661
1931
1441
1098
262
105
345
1782
545
795
1737
1764
1791
1748
1753
1804
355
618
1224
663
626
612
1995
1482
1778
1109
186
1918
334
1973
1654
552
1073
1174
1638
276
1490
27
1360
2007
1699
1983
1116
1822
1263
1409
580
853
1859
2048
1321
1487
1561
807
1828
1159
680
1617
25
1760
869
1777
1052
708
952
285
1407
898
2038
857
1926
720
1982
1768
1418
1628
1794
1800
470
1558
634
1840
311
1697
1279
1340
1432
740
2022
1147
2006
447
404
1964
1330
1916
1491
1988
1043
1620
1440
1346
954
762
2018
1007
630
1883
1652
1235
1857
1833
1095
81
1549
1296
1832
1932
1707
1922
878
2031
1130
935
1992
1300
517
1464
1175
1395
590
975
1865
512
703
776
1486
1993
2013
1542
1807
1113
1858
1796
1401
1373
1710
1928
563
1574
1950
1723
430
1701
1901
2004
945
900
1732
1733
2035
1942
2057
1987
1170
707
1469
1146
1277
252
695
1702
1167
1319
464
933
1817
1621
1463
452
503
1364
995
1976
645
211
1241
722
2011
922
1431
364
1564
1562
1548
1986
1874
1501
1168
835
192
1793
537
706
1762
1970
1425
1996
901
1333
865
1878
1971
1453
946
532
1886
1150
1322
1213
1371
1251
774
1245
1374
1657
2020
1641
623
955
374
494
1703
1610
1629
210
1250
523
1785
2032
1726
1569
1071
115
625
1124
2034
880
1270
2026
1770
1900
1797
367
468
249
182
788
2000
1355
1958
1016
1226
1262
1032
1990
684
783
654
507
1100
2051
801
436
1154
2028
1424
624
1588
426
656
1058
1957
1955
169
860
149
1520
1645
1841
1908
1488
1598
1074
1376
237
2054
1037
899
1978
961
562
1443
912
1457
1877
725
1357
1943
170
1769
796
2039
1608
742
606
457
694
756
1912
1902
1142
1587
1789
779
1247
2058
1565
1849
1863
890
714
143
1601
1897
1361
683
1068
972
1618
241
1281
157
1082
1997
1879
749
768
1709
198
216
797
2002
937
1347
621
1882
2015
172
1742
688
1290
1866
1421
1388
730
154
1461
1480
1111
1809
1584
976
1024
1862
1977
1500
1953
858
1896
881
1872
1602
784
1892
309
1397
917
1078
1033
929
1825
849
1747
2047
509
1436
1389
575
1377
1830
823
386
1994
2005
348
547
2045
1626
685
1438
1356
1721
1136
2017
764
1530
79
2056
739
1460
1864
1527
1959
1821
1022
1088
1435
877
32
996
1108
856
734
1556
1876
1200
832
1180
1317
1907
548
2003
1920
1509
2033
540
1660
2046
299
604
1097
1754
1635
424
1898
138
810
1451
1428
842
1815
1578
1663
3
1974
838
330
1917
1466
1375
1028
2014
1365
1325
1875
95
859
1514
418
86
549
717
1712
941
1140
1559
1630
248
133
1891
1299
1314
2044
1186
1544
1607
1919
1201
2049
1890
1336
984
675
2059
1444
1927
1956
1665
905
2050
968
1743
1704
1837
864
1331
1963
1593
743
868
1172
1790
1513
1255
1738
1869
1744
2019
1439
220
1269
1844
1895
1966
1445
485
811
1161
1042
2025
1412
342
1408
1271
1
601
613
1120
766
1915
1786
