90
23
51
131
315
405
365
17
151
465
520
616
62
181
268
265
296
303
184
368
305
228
351
163
641
406
392
176
389
279
132
310
474
867
293
1081
24
212
65
916
408
882
904
516
35
123
519
602
39
297
302
874
55
277
584
70
101
480
818
179
91
286
670
6
883
942
7
119
141
152
501
416
629
243
1047
1079
288
200
455
846
434
197
1020
271
866
662
893
96
565
435
852
145
544
31
4
767
40
97
158
966
839
87
786
554
264
256
1215
429
1003
317
106
1031
492
482
292
107
679
67
741
350
1433
815
260
524
415
484
403
561
308
134
33
664
109
30
222
748
294
326
395
300
319
1087
983
254
1198
124
140
597
666
716
731
1243
699
744
920
583
1125
727
28
1005
398
341
1176
723
52
63
1189
196
58
982
239
633
1708
765
116
546
515
229
607
943
428
46
1682
619
1093
500
347
513
1002
962
26
876
94
553
440
932
162
259
769
659
298
125
1637
246
412
411
970
1758
506
357
1009
291
486
322
445
1015
54
644
423
0
780
822
100
417
1266
413
191
534
1358
793
5
251
535
648
203
531
120
135
1069
808
927
442
1029
529
110
1274
915
828
574
396
274
1345
2
1107
1085
862
558
219
173
971
953
221
958
508
1206
913
269
289
1094
453
745
1128
981
993
833
585
1102
282
59
180
1223
483
1416
1483
85
861
489
372
306
1585
111
527
889
1525
60
643
42
1538
1063
1233
1650
258
1727
1075
397
199
242
414
572
421
686
477
385
244
1192
238
155
1254
1714
907
573
790
511
746
1289
1495
651
104
1001
1541
393
586
12
208
1065
1044
820
610
1181
1533
1589
93
166
443
156
373
1326
190
215
594
49
1368
1553
906
831
450
826
836
13
649
923
525
178
977
275
1053
1383
1522
137
50
1004
207
1780
804
1041
753
1688
1378
854
755
543
1452
167
700
1739
1126
1512
379
1182
1204
195
209
1437
1282
681
394
934
914
1008
356
518
1838
73
698
266
598
1642
177
391
232
1171
234
