679
734
1626
1724
1628
405
299
1646
910
814
730
1253
322
1651
715
64
1320
1620
360
610
240
1202
658
387
5
207
1677
933
137
1245
830
927
1173
522
1345
1163
1113
643
1372
1412
949
1767
472
1355
725
536
602
1220
1261
834
1237
1155
567
1377
1207
930
570
1570
847
1527
1158
180
377
647
82
531
932
1080
1386
937
283
1568
613
542
286
1328
96
627
675
289
1634
1763
1109
174
697
484
943
766
1153
1673
268
1636
393
676
1004
1685
395
682
1147
52
420
586
497
782
379
963
1719
680
303
965
1030
1027
1073
426
879
914
386
982
425
1618
510
1361
36
1559
1587
429
1511
153
527
399
193
39
1
1124
711
1176
214
1578
985
272
1599
926
673
781
1371
1032
977
800
1555
389
1274
642
975
851
514
1664
1608
1066
911
1582
202
1622
141
1132
1240
1226
1483
751
915
568
957
1300
1192
1399
998
1260
852
805
1444
1319
797
209
1024
1294
1076
1348
119
1047
135
449
1224
97
1550
120
9
929
1211
1638
346
196
441
557
1465
1255
1148
194
574
1167
1228
1186
491
595
155
1624
338
894
735
652
1452
1501
22
143
78
553
1711
1196
330
127
920
464
817
1515
636
208
1322
53
765
875
663
1755
739
50
973
718
1138
41
1316
1013
216
1631
364
954
15
292
1393
533
1256
1199
530
611
780
552
1524
605
1369
1046
1513
473
1157
1102
8
692
564
436
1471
831
315
649
1227
75
721
337
1491
304
1554
729
457
345
1632
819
1728
1502
1012
1171
1644
838
1161
573
1205
0
291
1007
1010
1492
1028
357
1177
1075
1356
1023
669
266
836
1384
1512
1064
156
1045
1129
423
785
668
756
546
1128
430
823
151
1082
392
760
948
986
623
1556
25
1470
113
1718
431
215
177
1606
637
1571
319
1031
653
1536
1200
544
352
1603
971
1236
258
1286
855
1520
