1658
1542
931
537
827
205
309
1063
1643
17
641
192
168
310
1135
1671
47
796
1613
1736
645
1103
1321
1243
30
665
348
504
489
1164
1415
1585
1610
439
555
470
71
764
1368
1543
523
74
1169
539
1594
331
239
1350
1408
93
740
757
560
1519
1272
1183
853
4
342
220
1106
1039
880
1036
147
588
1397
638
306
1056
1463
92
349
1206
737
625
73
166
225
540
24
1092
1145
1264
1062
513
1537
1306
483
139
891
1347
1437
1467
916
575
925
326
1343
1541
1088
1101
38
1162
1015
1514
1152
1749
1125
265
1605
1137
532
341
479
146
918
412
935
726
1682
235
1293
1681
1071
988
1292
1460
369
70
498
901
950
452
1136
91
562
321
217
1442
1510
63
512
344
784
1419
1722
728
142
59
72
952
509
112
1690
204
444
634
195
380
206
2
1149
1760
906
60
1022
607
1480
200
1283
259
1619
1595
43
596
1117
1573
186
727
110
719
1247
882
244
115
1093
1050
1453
581
99
1182
908
188
1060
655
1725
955
325
1405
317
604
267
1111
1184
820
114
1506
1175
1214
608
759
1407
499
401
257
895
1688
959
635
606
870
226
279
80
791
1054
1271
993
125
1670
837
230
1081
829
1285
1118
620
32
1014
1179
861
1358
1697
502
1493
187
496
547
790
211
545
1581
1141
681
1548
1400
703
534
772
34
801
1291
571
1365
353
314
26
1422
600
256
1198
434
179
506
708
396
978
1597
991
1150
490
274
1268
162
1484
493
1443
888
138
1427
716
969
475
524
101
281
707
122
899
176
270
650
1765
1110
818
1241
717
624
40
1417
1146
1248
519
1055
1455
684
6
501
118
111
1330
485
1051
421
451
1308
1706
280
336
705
832
413
332
603
1406
972
140
825
351
249
984
324
881
507
674
55
1225
1364
381
1439
1078
116
477
521
1001
1353
359
373
1154
1740
1464
883
23
1289
1374
172
1396
1630
1002
31
1263
410
869
90
1053
1602
1180
231
1298
1529
500
1733
242
94
1668
1276
1421
1223
1704
821
1295
520
178
1707
466
631
1041
1486
646
826
786
1058
1367
1311
414
87
149
254
1239
816
384
777
488
657
88
856
415
108
936
1194
1428
1326
1521
1766
1079
1414
278
1068
1429
416
1159
12
370
311
10
563
1266
1231
1249
864
1457
356
1324
1672
934
1210
964
685
1490
171
775
709
806
898
432
1281
463
1381
476
1723
1498
1625
503
1077
1596
589
1204
67
1504
1567
807
1195
1250
376
822
1296
808
666
712
1339
248
873
1006
1174
1700
773
1713
232
713
435
1391
1373
1499
878
1072
515
958
1000
229
690
1456
1084
902
559
876
1011
789
1430
1127
752
367
1334
1683
121
42
406
516
1251
770
582
1562
860
1178
1534
962
1705
445
565
1287
89
1197
19
1522
1433
609
1107
1692
95
1337
748
316
374
1409
132
1764
46
1446
339
1653
383
1165
44
1503
131
554
1187
228
372
255
1344
857
755
654
409
944
419
1517
1083
167
1717
1488
1352
1478
702
1730
1305
105
1435
1466
455
859
1009
723
1449
14
1413
58
849
407
454
253
1331
890
481
893
11
1575
844
1627
295
598
1069
867
487
1592
1387
1468
263
854
767
579
956
592
558
1420
29
874
1383
1693
1193
535
1130
1297
440
398
1258
1539
1436
1423
37
133
408
98
85
1777
1191
1215
1338
238
1098
1099
1782
76
1601
660
1507
741
762
1203
375
136
222
1418
1566
714
783
471
1642
1119
632
1318
203
900
422
833
1390
1742
184
1025
578
1142
221
987
1349
1758
583
1133
1770
960
159
1586
1303
1659
1059
968
1793
1686
983
1776
134
1635
1629
1796
354
1786
868
689
391
16
1140
1441
86
117
601
648
736
1647
161
61
1335
1190
1317
1698
1508
288
382
802
585
672
1234
1233
478
224
803
66
804
885
250
903
691
1518
1351
126
1354
402
81
1495
905
1038
1235
106
1616
945
629
738
1170
614
199
492
1089
698
308
799
661
269
732
1238
1569
486
33
1087
327
296
1363
433
273
1458
1588
191
923
1288
1035
511
706
453
990
1609
639
390
644
731
1583
1021
845
1188
363
1657
1131
1454
953
83
670
919
722
811
459
892
1008
1166
264
566
992
329
20
556
1709
904
385
1270
1074
1379
343
651
779
1505
189
1312
1654
840
787
462
318
677
1061
1691
301
1531
961
1123
294
687
921
994
148
447
1751
1494
1120
1440
170
1615
175
190
1652
1375
169
1085
1360
1552
1018
469
18
1242
62
724
1299
1104
1230
754
1259
1532
678
1689
1547
1481
262
300
1208
1037
1752
1357
1269
1265
771
1185
1497
1734
1252
1112
1019
157
1565
347
997
1362
1448
809
848
223
1574
1530
467
863
976
1254
252
1472
418
841
365
246
1284
1525
1684
1462
1094
243
572
1526
251
1275
1746
747
776
813
795
1049
307
742
1067
1600
284
173
1674
912
1314
293
494
746
1310
480
1789
69
671
846
1323
313
720
1114
683
275
701
1181
49
7
750
1151
271
400
696
165
1604
247
107
1273
942
1218
285
312
1232
1590
403
508
1579
1475
154
580
619
1509
704
1382
1044
584
1394
282
1189
1572
896
1773
548
1095
361
340
541
35
104
597
843
528
1359
1144
543
1016
569
27
102
233
1070
495
1500
1612
865
1699
1282
1378
183
693
1563
828
626
788
710
461
1761
917
970
1278
1485
1721
323
1445
1244
1703
1342
1017
1790
850
1750
368
810
793
1432
688
858
897
1277
617
21
862
219
981
103
599
234
812
591
758
996
577
907
1096
1676
824
1042
1545
1538
889
1040
424
164
1091
1267
51
1589
458
871
1302
1546
460
182
1708
124
397
551
1327
468
1496
995
1105
1121
815
130
1346
1438
839
909
1779
1450
450
526
590
1637
13
1533
947
1301
1469
1262
1655
1065
1172
1660
1771
768
443
615
261
1679
695
482
1402
427
333
1476
128
1100
1304
260
1540
218
549
662
1029
1048
798
529
656
1617
1086
1329
966
1675
79
1156
334
144
1611
999
84
1558
1333
28
1426
842
640
287
1461
378
622
618
1451
1479
1332
1033
744
227
587
1623
1477
241
1401
1307
57
1134
1447
1748
388
951
633
302
328
594
1424
276
417
237
298
54
1710
1370
946
245
129
362
1726
778
1549
659
1416
145
1656
1229
1217
1727
763
941
1315
68
1792
1687
1795
1778
1392
1474
886
1769
358
448
1043
1641
1516
749
1715
1783
967
1425
366
1768
1122
1143
65
1482
616
1366
163
1744
1739
1221
290
1756
1553
924
1729
1216
1034
974
394
1160
1667
236
733
628
1341
1712
1633
442
1380
1201
1650
922
1404
77
1126
525
1663
1669
1759
1279
428
686
700
1780
1026
1577
1431
198
1434
1661
1580
355
1325
694
411
1222
699
743
1403
1614
1389
1735
979
1313
1376
277
1787
1640
100
938
1702
1257
1398
913
404
1738
1209
989
45
1593
612
109
210
213
456
1716
197
1219
1781
48
1741
1385
1794
150
297
185
1754
1309
1459
550
928
877
1551
1645
465
1523
1649
1732
1694
1747
517
474
152
438
1212
872
1535
1621
518
1052
1340
1489
753
1411
745
667
939
1788
1168
940
1639
630
1791
1784
1115
3
1607
56
1116
1665
1280
1487
1528
761
212
884
1714
123
1662
1473
1695
1772
505
1696
980
664
1701
866
538
769
561
1213
1388
1576
1775
437
621
1544
158
576
1743
1090
1757
794
1720
1097
1680
1753
1005
774
792
1108
1591
320
335
1774
1731
1410
1290
1395
1678
1557
1584
201
305
1762
371
1598
1745
446
593
1246
1648
1737
350
1336
1561
835
1560
1057
160
1020
1666
1003
887
181
1139
1564
1785
