246
536
513
666
264
563
203
85
448
124
35
1009
413
410
379
202
93
291
319
1117
381
154
283
350
428
226
739
1010
671
33
1082
200
136
302
37
49
1045
111
1454
0
79
83
561
298
1095
806
443
692
683
1133
1261
210
135
693
777
1227
500
98
274
703
364
416
8
954
213
267
414
1080
894
62
216
405
1533
1118
196
349
415
498
581
1252
664
1534
318
377
719
770
872
939
950
987
1571
519
190
201
607
54
398
800
251
511
32
339
502
1189
26
794
1003
1361
512
731
1047
1147
322
639
1148
1318
58
104
235
375
521
1131
18
105
630
833
1474
197
830
80
493
1220
403
570
625
819
1182
184
394
418
436
928
38
453
613
1024
1327
119
424
582
978
1304
368
472
845
896
14
81
355
454
505
126
223
442
517
584
715
771
75
476
508
566
1006
665
109
165
233
300
734
1704
153
628
721
936
1175
89
99
585
880
1056
1513
72
215
499
755
1370
1567
861
1079
1083
148
257
320
351
362
396
422
554
1174
1180
16
232
535
948
960
1714
39
705
889
976
1517
1538
41
236
254
286
374
440
875
1102
1268
166
332
605
652
463
484
486
925
937
1004
1077
1153
285
335
449
1549
23
46
259
1458
1644
296
334
430
541
575
618
667
812
1529
128
980
1614
1649
1726
42
331
750
863
1269
1273
52
66
150
273
292
635
700
763
784
1158
108
648
1076
1356
115
168
230
441
622
636
1485
214
272
290
591
878
1172
143
211
299
304
330
615
699
870
972
1073
1191
1491
94
121
161
173
238
277
337
378
634
1068
1293
1730
59
158
231
278
279
380
694
765
1134
1390
86
455
685
856
932
1121
1192
1864
163
237
348
818
866
1034
1303
1393
1791
117
147
373
382
527
679
1002
1146
1345
1411
1452
1470
1504
28
50
91
188
559
568
599
601
712
781
1065
1214
1432
1541
1577
44
67
225
260
849
1129
1206
1209
1238
1383
1398
1484
19
30
240
324
1055
1137
1201
1367
25
194
206
967
1159
1321
1363
1621
97
164
209
280
315
450
1388
483
530
564
638
759
991
1122
1210
1701
12
219
249
303
672
673
737
820
1043
1279
1569
146
