160
222
317
421
522
620
743
884
952
1052
1196
1308
1347
1424
1947
1979
156
179
193
390
562
973
1103
1128
1336
1372
1477
1969
145
195
269
270
507
691
738
982
1104
1152
1260
1299
1642
55
70
149
192
345
417
754
854
944
1097
1127
1194
1234
1441
1508
1527
1632
1747
1991
20
174
199
239
465
846
860
912
1011
1140
1333
1379
1762
1875
82
234
284
497
532
616
704
886
1019
1078
1081
1162
1332
1772
100
122
131
341
356
538
542
588
675
847
859
907
1219
1254
1381
1442
1725
1755
244
245
360
391
506
577
789
963
1106
1845
77
95
281
434
491
558
728
821
1167
1199
1280
1487
1586
1587
1631
1830
1
243
288
358
369
384
395
426
594
600
637
653
660
756
766
785
873
909
986
1005
1091
1098
1105
1239
1288
1467
1663
1732
1737
1843
1853
1868
1874
64
170
182
221
327
359
412
459
479
544
595
654
708
767
1036
1230
1263
1306
1329
1331
1407
1423
1428
1455
1490
1503
1555
1696
1769
3
9
294
338
419
534
676
892
921
971
1030
1066
1141
1240
1249
1499
1593
1646
1918
241
456
540
674
874
917
947
1040
1317
1339
1594
1603
1759
1832
1968
2058
2060
7
15
27
118
120
138
224
248
344
399
489
565
619
621
1113
1195
1320
1404
1406
1466
1489
1559
1710
1811
1834
68
114
295
376
425
439
481
597
606
758
808
836
914
938
946
1291
1396
1506
1623
1674
1688
1691
1783
1931
191
262
263
354
397
468
518
593
714
753
862
879
941
964
1089
1135
1142
1163
1218
1229
1248
1284
1410
1493
1557
1767
1801
1862
1911
1929
1987
2111
6
287
365
370
445
494
537
549
579
583
645
762
851
883
900
1139
1211
1221
1228
1257
1307
1358
1387
1414
1476
1535
1576
1590
1629
1667
1668
1904
90
134
198
282
533
552
603
643
745
764
837
893
1181
1251
1276
1314
1349
1449
1480
1573
1687
1723
1909
1939
2086
2103
88
132
208
247
401
608
670
690
698
773
790
852
853
926
981
984
1015
1039
1057
1150
1177
1224
1226
1231
1255
1258
1262
1353
1448
1459
1486
1516
1633
1670
1679
1760
1778
1824
2014
57
107
326
447
451
474
609
627
663
668
680
713
817
839
898
940
1013
1014
1017
1028
1060
1088
1124
1170
1305
1323
1405
1431
1433
1469
1514
1572
1715
1935
1943
40
47
96
175
220
311
363
371
393
478
490
514
567
598
646
661
697
871
876
885
1169
1183
1203
1245
1313
1362
1399
1416
1580
1776
1780
1820
1848
2030
73
87
189
301
408
488
496
626
650
826
882
945
949
988
996
1044
1062
1067
1190
1247
1338
1351
1438
1536
1563
1565
1640
1712
1728
1741
1964
2022
45
61
63
340
435
452
752
810
899
931
969
975
1084
1324
1354
1473
1479
1501
1560
1660
1681
1705
1765
1786
1926
1955
2007
2018
2039
102
103
116
137
159
162
205
252
457
487
546
578
642
647
710
744
757
827
850
901
927
968
1046
1061
1149
1212
1259
1334
1364
1417
1461
1496
1558
1591
1611
1636
1678
1719
1777
1787
1823
1861
1883
1906
1952
2100
24
65
112
113
141
172
185
265
289
342
458
480
525
528
531
547
569
614
623
649
655
689
701
718
724
729
746
799
844
848
857
983
1021
1087
1092
1100
1160
1187
1275
1373
1457
1481
1519
1540
1545
1578
1598
1618
1652
1675
1682
1720
1729
1749
1785
1799
1803
1815
1851
1867
1884
1999
2002
2008
2017
2101
2109
2110
56
127
130
253
309
310
346
387
510
678
736
772
802
809
877
942
943
957
1016
1064
1075
1155
1193
1200
1232
1233
1292
1310
1328
1346
1498
1637
1654
1771
1902
1934
1950
1962
1975
2013
2097
2106
155
177
242
409
464
658
788
795
797
834
923
1026
1051
1145
1282
1352
1355
1397
1451
1464
1468
1502
1510
1570
1589
1608
1659
1745
1797
1829
1835
1840
1873
1882
2001
212
293
477
572
677
686
702
823
831
891
918
922
970
1032
1035
1042
1093
1168
1208
1250
1270
1286
1287
1294
1311
1315
1322
1326
1337
1371
1375
1413
1418
1437
1472
1495
1574
1601
1661
1695
1698
1713
1897
1971
2024
2084
36
51
106
123
167
178
266
313
333
389
392
411
473
485
492
504
520
524
553
573
576
656
688
706
709
723
735
741
748
780
801
816
840
933
993
1018
1063
1154
1161
1164
1188
1264
1274
1290
1309
1340
1359
1427
1456
1511
1520
1556
1606
1662
1788
1792
1852
1869
1899
1916
1937
1945
1961
1978
1984
1994
2034
2042
2068
2079
2092
2133
29
258
297
305
329
336
400
406
462
503
548
550
610
617
657
696
726
732
774
783
813
904
961
962
1038
1070
1108
1110
1123
1125
1136
1143
1157
1166
1176
1253
1272
1297
1368
1374
1403
1429
1453
1471
1492
1509
1522
1526
1600
1628
1638
1653
1683
1694
1700
1743
1751
1768
1805
1825
1850
1856
1876
1877
1880
1912
1925
1940
1986
2028
2054
2055
2067
2114
2148
69
110
218
227
256
314
404
429
460
651
684
695
711
733
742
761
792
803
865
868
908
929
959
1007
1008
1022
1023
1050
1054
1058
1132
1217
1225
1241
1391
1394
1415
1532
1547
1553
1564
1585
1599
1634
1648
1753
1821
1836
1854
1886
1913
1949
1985
1990
2004
2026
2048
2076
2088
2098
2165
31
78
171
228
229
325
347
366
386
427
431
446
516
586
587
640
707
717
779
796
858
888
911
930
1000
1037
1071
1085
1096
1120
1179
1300
1342
1386
1419
1595
1641
1650
1656
1709
1806
1828
1870
1892
1896
1905
1915
1957
2036
2045
2093
2096
10
11
101
183
255
321
323
361
383
444
482
523
624
681
751
824
864
881
951
953
966
1202
1235
1319
1377
1378
1409
1435
1450
1488
1546
1609
1616
1643
1664
1781
1789
1800
1808
1818
1890
1900
1917
1936
1980
1982
2064
2094
2115
17
125
144
176
181
268
276
312
328
352
402
407
475
580
669
793
825
838
841
843
895
906
934
1027
1069
1107
1111
1173
1185
1223
1246
1256
1271
1277
1285
1295
1296
1301
1316
1341
1343
1401
1512
1528
1530
1539
1542
1551
1566
1579
1581
1685
1699
1711
1716
1733
1748
1775
1779
1782
1839
1859
1860
1972
1993
2011
2019
2031
2032
2037
2062
2075
2078
2081
2082
2085
2107
2112
2124
2129
2134
2139
2143
2157
22
34
43
139
140
142
180
186
187
357
388
420
433
632
633
682
727
730
897
915
974
1049
1101
1116
1130
1165
1178
1197
1267
1289
1312
1330
1365
1412
1447
1515
1630
1672
1717
1721
1731
1738
1756
1796
1798
1816
1827
1910
1927
1941
1944
1948
1966
2000
2046
2066
2123
2141
2149
157
169
250
261
316
353
423
501
529
539
557
560
592
631
659
687
775
798
804
807
814
887
910
958
965
1029
1048
1094
1138
1216
1236
1335
1344
1357
1376
1384
1408
1462
1507
1552
1568
1584
1604
1607
1615
1647
1665
1677
1686
1690
1692
1734
1735
1736
1763
1809
1814
1849
1858
1879
1903
1914
1921
1967
1976
1983
1995
2020
2043
2049
2063
2070
2071
2099
2159
5
275
432
438
461
641
747
776
782
787
791
832
1001
1025
1059
1086
1090
1109
1112
1114
1205
1350
1430
1482
1483
1505
1521
1605
1620
1622
1657
1676
1684
1689
1697
1739
1790
1813
1855
1872
1895
1898
1954
2012
2065
2074
2077
2105
2121
2140
2145
2164
53
92
217
306
543
589
629
805
828
829
867
1031
1041
1266
1278
1389
1425
1445
1460
1523
1610
1612
1624
1625
1802
1837
1842
1878
1951
1974
2051
2080
2091
2144
2146
4
48
129
308
367
372
469
509
571
602
611
720
740
769
822
835
842
869
903
919
955
977
979
998
1151
1156
1186
1204
1215
1242
1283
1302
1348
1366
1402
1421
1440
1443
1543
1575
1597
1626
1669
1693
1702
1706
1707
1750
1761
1770
1804
1817
1844
1863
1888
1930
1938
1960
1965
2006
2009
2010
2016
2021
2056
2102
2117
2130
2138
2166
152
271
551
596
716
722
725
811
905
989
994
1012
1072
1074
1213
1380
1385
1395
1400
1420
1446
1500
1531
1537
1544
1550
1583
1588
1596
1655
1671
1708
1744
1746
1784
1812
1819
1865
1871
1889
1891
1946
1989
2027
2035
2073
2089
2095
2122
2126
2131
2132
2152
13
21
60
84
437
467
471
515
612
935
1222
1244
1281
1298
1369
1382
1426
1434
1524
1554
1561
1617
1658
1724
1742
1774
1833
1846
1893
1901
1920
1928
1959
1998
2005
2083
2125
2136
2162
2168
466
574
749
768
786
855
890
902
999
1099
1184
1243
1360
1439
1444
1465
1525
1582
1703
1718
1757
1758
1764
1773
1794
1822
1826
1831
1847
1866
1885
1907
1923
1942
1958
1963
1992
2003
2038
2044
2057
2061
2147
2150
590
815
956
1392
1602
1619
1635
1727
1752
1810
1887
1922
1970
1996
1997
2015
2025
2069
2087
2118
2119
2142
2155
71
151
343
385
470
545
556
604
662
913
990
997
1020
1126
1144
1265
1436
1494
1518
1548
1592
1645
1651
1666
1793
1795
1841
1857
2040
2050
2072
2153
2154
2156
133
204
495
760
778
916
1033
1115
1207
1237
1325
1475
1497
1754
1807
1838
1924
1932
1977
1981
2041
2052
2104
2116
2135
2160
2
307
526
644
924
985
1119
1422
1478
1562
1740
1908
1973
2029
2047
2120
207
920
995
1171
1673
1894
1919
2023
2053
2090
2127
2163
2169
74
76
1613
1639
1680
2059
2137
1198
1463
1627
1722
1933
2033
2108
2128
2167
992
1053
1766
1956
2113
2158
2161
1881
2151
555
1953
1988
