716
780
725
596
887
77
402
49
1241
146
91
376
358
1000
617
357
718
992
287
211
392
786
1153
859
847
1041
889
539
641
745
488
1085
762
608
798
743
320
471
1018
33
145
315
414
275
1487
311
524
195
400
258
1466
614
435
663
605
1235
232
582
828
407
1010
114
412
83
169
424
799
727
256
924
610
395
235
553
1040
635
384
797
955
692
214
678
313
16
984
437
360
430
793
737
203
292
795
630
176
88
900
1098
1364
507
826
373
568
950
1295
559
647
95
913
1155
1345
761
304
962
380
305
327
975
563
673
945
1405
163
204
216
168
1399
628
1196
665
286
513
144
616
941
401
322
940
80
815
1138
698
1223
877
93
394
464
1276
1497
1285
1115
277
624
947
806
734
575
1102
470
1140
547
681
355
353
981
897
498
903
935
257
418
747
13
1084
926
1269
484
1073
1061
131
300
860
477
1322
22
1171
1069
1160
500
611
838
881
908
1443
61
1274
985
556
653
41
336
1210
691
405
989
767
1388
461
1067
285
1100
536
99
690
1417
920
880
650
425
271
701
976
803
1205
1441
579
562
833
514
1366
1170
943
638
676
1242
247
951
1323
1231
220
385
1250
451
1064
872
796
914
620
952
198
200
1029
101
912
368
391
1126
413
1389
1280
662
26
1065
904
1193
865
787
132
1165
403
1007
741
443
686
773
1025
969
757
460
298
595
1403
1491
1344
272
188
1167
206
21
1116
54
1049
434
591
1181
472
915
1016
1148
724
134
770
960
1078
1313
1086
967
350
784
510
759
490
269
607
455
454
652
233
1112
375
1244
789
1316
1352
212
551
1110
1461
755
530
1059
1169
504
397
1045
1031
175
1248
905
1246
465
1305
564
732
802
735
318
1047
748
1117
1372
1328
1318
399
646
818
1056
508
645
171
1449
427
884
1070
642
1488
531
512
396
231
86
416
1191
1011
1402
830
503
1106
694
1124
869
525
1423
600
822
1022
520
246
236
1493
994
1317
933
1143
1150
715
890
1026
654
766
1131
303
1331
597
680
1058
1261
517
1428
629
148
1474
1275
811
744
970
959
1013
722
849
906
1005
1431
309
1215
996
1410
1088
1290
835
1315
98
896
704
812
834
750
999
344
172
343
442
779
899
1429
800
848
1424
302
463
0
179
282
813
1303
1158
1033
273
1177
482
703
6
1034
1008
1027
918
791
223
84
768
1079
515
1208
1080
94
697
1439
649
1412
1152
372
557
963
170
682
1266
555
693
1418
1367
1226
731
895
1044
369
540
121
782
270
450
687
439
1222
1151
1172
239
576
1114
59
348
749
1271
1219
133
861
1319
323
674
909
907
118
1174
670
1127
123
290
1123
1350
1207
738
1327
1448
1339
548
925
1312
658
637
901
136
1003
1125
1179
379
1279
730
1212
1414
672
523
689
829
1252
572
340
612
1358
821
619
1149
1451
1066
1476
1377
1220
194
668
209
774
1111
238
527
1197
709
862
440
736
73
1437
863
1204
873
549
1482
1176
50
1348
1478
255
1137
423
1074
191
898
544
1273
1037
764
756
936
7
532
1370
1440
1251
1277
648
944
1459
1430
1006
685
324
1209
776
1190
938
714
1017
1257
459
1060
794
1239
1324
367
1092
609
546
785
2
961
1229
598
207
1498
1099
329
655
1492
1365
1227
928
1028
1380
771
1292
1199
1157
1396
1471
879
1095
15
499
1032
1186
728
956
1145
613
758
104
1128
1030
1001
606
788
1163
603
102
1321
1314
550
923
1071
631
1406
671
1024
726
419
1225
226
478
1400
772
1247
942
1188
769
237
852
667
1232
953
1087
485
339
1134
622
1243
968
866
162
875
1236
584
699
561
837
1216
626
1354
997
1375
306
707
1139
227
554
888
476
1182
1450
958
929
974
274
438
657
765
1089
38
190
489
1052
363
1294
1363
1101
446
977
781
1502
1369
181
840
1083
326
585
711
916
1113
664
383
1302
1195
1166
623
978
1477
79
1194
1014
932
252
1255
1347
1378
155
63
481
1371
666
1496
1240
1411
621
1015
855
1419
1094
946
586
684
1342
537
1097
428
1164
857
971
864
867
931
1395
1390
1141
1217
669
1091
248
347
819
817
886
1019
1465
823
474
980
927
1335
746
1330
1161
529
153
922
810
1436
1481
1072
1453
1260
1489
47
1454
1346
816
89
1304
1230
1081
910
1463
615
356
1355
763
1175
1308
1479
1320
853
846
505
1012
299
1147
809
644
1048
1093
156
265
677
1234
717
1495
1385
1162
702
388
1206
870
733
1286
836
1426
1109
1360
314
1391
1381
129
632
911
1076
594
1359
1309
949
1503
167
1135
262
979
332
1299
1262
919
1039
845
17
1036
1291
241
876
643
1214
1118
1263
1023
117
1473
868
1455
1103
882
1104
851
883
1433
1464
1460
1333
1361
1144
1307
331
1472
1457
1499
469
827
1129
1237
1338
1107
1068
1051
1376
842
558
1374
364
1452
261
1077
75
1142
105
1218
509
1486
1130
1382
820
843
1120
1021
639
874
1245
878
516
466
1122
1332
593
1357
301
511
1035
1494
948
1506
1432
240
543
1467
1480
1422
210
202
1238
567
1288
937
1343
1468
1133
988
193
1384
71
1284
801
1386
986
1233
1334
387
495
1198
982
297
1438
1501
453
719
1298
1469
995
1062
1373
1267
436
1254
1351
1201
973
408
346
46
1042
844
1054
1287
991
1228
1136
1470
1416
1283
152
1387
312
445
783
447
1096
1490
721
308
778
1444
208
1408
506
381
1404
710
998
1397
1420
1200
229
805
700
1353
1415
934
634
496
858
560
352
1046
1178
1272
1185
1203
1401
972
990
993
966
1297
573
1442
1445
1368
604
1264
1394
696
983
1050
1458
589
1053
1356
1306
1132
1483
417
278
964
479
760
640
174
28
1425
814
294
1413
618
1259
824
893
196
1057
1282
1184
854
69
921
739
1310
1311
1362
137
333
230
119
100
1253
279
1393
939
1296
841
30
1383
1484
1063
825
1154
1270
1004
1055
1325
1427
1168
987
1281
341
902
683
1268
1329
1192
449
1500
1504
1300
1156
1379
1485
578
1505
1446
1407
1434
1043
1293
1105
1435
1256
1462
1278
1119
1289
1456
1213
1409
752
1146
1265
406
280
1337
1341
1258
1349
713
740
1082
1326
1475
316
1202
1249
708
1340
1447
371
552
1183
1090
1187
1421
625
268
158
885
856
1159
1224
1392
1336
1180
