103
108
37
370
159
66
130
213
42
222
215
142
111
72
48
429
161
1108
234
107
542
221
441
53
186
43
173
12
78
135
116
82
64
32
18
29
147
228
106
217
289
9
264
338
160
250
150
661
87
65
342
804
839
325
52
4
411
1211
138
115
891
67
296
390
60
185
140
636
580
225
742
599
68
491
122
5
24
422
351
8
335
189
467
164
166
541
201
521
249
45
790
307
954
267
421
535
62
219
569
317
23
1075
601
157
592
295
11
310
34
56
40
151
276
534
389
19
545
90
165
125
149
444
242
127
266
334
177
85
431
128
20
254
55
930
688
706
192
475
361
345
124
660
359
27
14
96
253
263
965
410
627
487
113
25
602
1009
187
120
497
44
705
154
328
448
1020
36
205
58
522
457
291
182
426
432
480
565
288
462
97
126
577
70
321
492
590
382
458
224
143
1189
245
1301
519
386
141
337
751
110
1
35
775
587
197
74
259
377
31
777
753
3
571
566
1002
365
374
420
1121
651
1398
656
659
588
712
581
808
293
583
284
81
57
501
139
832
526
917
850
570
112
494
486
281
398
409
283
319
415
574
483
468
695
199
452
92
362
378
729
51
39
633
720
251
354
679
184
871
1038
349
109
10
393
218
76
366
244
1173
330
538
456
180
792
473
493
178
528
754
831
433
892
723
675
957
807
533
404
1221
243
518
502
894
260
183
