0	19	1 
0	848	1 
1	78	1 
1	133	1 
1	202	1 
1	398	1 
1	621	1 
1	1023	2 
1	1158	1 
1	1244	1 
1	1377	1 
2	111	3 
2	390	1 
3	257	1 
3	681	1 
4	191	3 
4	435	1 
4	768	1 
4	1184	2 
5	9	1 
5	191	2 
5	321	3 
5	405	1 
5	485	1 
5	1075	1 
6	1069	1 
6	1240	2 
6	1314	2 
7	929	1 
8	235	1 
8	268	1 
8	914	1 
9	123	1 
10	690	1 
10	951	1 
10	1143	1 
10	1162	4 
11	243	1 
11	504	1 
12	474	1 
13	874	2 
15	540	1 
15	1159	2 
16	484	2 
16	1401	2 
17	256	2 
17	467	2 
17	668	3 
17	1000	2 
18	137	1 
18	224	2 
18	931	1 
18	1105	4 
18	1319	1 
18	1368	2 
19	93	1 
20	25	1 
20	160	1 
20	191	1 
20	359	1 
20	961	1 
21	62	4 
23	497	1 
23	1064	1 
24	148	1 
24	638	1 
24	880	1 
24	1214	2 
24	1219	3 
24	1343	1 
25	115	1 
26	600	3 
26	618	3 
27	5	1 
27	73	2 
27	374	3 
27	406	2 
27	998	1 
27	1388	1 
28	248	2 
28	393	1 
28	1453	3 
30	203	1 
30	637	1 
30	1132	1 
30	1403	1 
31	209	1 
31	275	3 
31	561	1 
31	683	1 
32	35	3 
32	897	1 
33	61	1 
33	515	1 
34	73	1 
34	191	2 
34	379	4 
34	670	1 
34	759	2 
34	853	2 
34	991	1 
35	64	4 
35	70	1 
35	224	1 
35	406	3 
35	600	3 
35	768	1 
35	884	1 
35	1326	1 
36	31	2 
37	34	1 
37	83	1 
37	333	1 
37	828	1 
37	1277	1 
38	111	2 
38	253	1 
39	1407	1 
40	189	1 
40	337	1 
40	911	2 
41	372	1 
41	893	1 
41	1261	1 
41	1375	1 
42	135	1 
42	183	1 
42	541	4 
44	157	1 
44	179	1 
44	592	1 
45	142	1 
45	343	1 
45	472	2 
45	771	1 
45	931	1 
46	48	1 
46	56	2 
47	534	1 
47	828	1 
47	1085	3 
47	1318	1 
48	16	4 
48	116	15 
48	455	3 
48	1309	1 
49	642	2 
49	788	1 
49	817	1 
49	1061	1 
50	79	1 
50	157	1 
50	541	3 
50	681	1 
50	1149	1 
51	90	1 
51	411	1 
51	440	1 
51	909	1 
51	929	1 
53	93	2 
53	545	1 
53	941	1 
54	634	1 
54	1106	1 
54	1363	2 
56	93	2 
56	116	7 
57	3	1 
57	139	1 
57	897	8 
58	59	1 
58	366	1 
59	218	1 
59	356	1 
60	18	5 
60	202	1 
60	334	3 
60	1416	1 
61	358	1 
61	485	1 
61	492	1 
61	828	1 
62	4	1 
63	554	1 
64	693	1 
64	1340	1 
65	2	1 
65	600	3 
65	937	4 
65	992	41 
66	433	1 
67	93	1 
67	181	1 
67	229	1 
67	280	1 
67	392	1 
67	458	1 
67	822	1 
67	1343	1 
67	1435	1 
68	228	2 
68	718	1 
68	733	1 
68	814	1 
68	998	1 
70	106	6 
70	150	1 
70	211	2 
70	450	1 
70	1079	1 
70	1135	1 
71	61	1 
71	83	1 
71	119	1 
71	395	3 
71	674	1 
72	20	1 
72	430	1 
72	928	1 
73	121	1 
73	280	1 
73	717	1 
73	976	1 
74	55	2 
74	1316	1 
75	509	1 
76	169	1 
76	531	3 
76	1151	1 
76	1230	1 
78	372	1 
78	446	2 
79	63	1 
79	79	1 
79	93	1 
79	113	3 
79	362	1 
79	1096	2 
79	1311	1 
79	1418	1 
80	212	2 
80	899	2 
80	1402	1 
81	326	1 
82	15	6 
82	24	1 
82	170	1 
82	906	2 
82	1267	1 
83	20	1 
83	40	1 
83	133	1 
83	191	2 
83	683	1 
83	695	2 
83	1073	1 
83	1341	1 
85	83	1 
85	679	1 
86	207	2 
86	1029	2 
87	135	1 
87	228	1 
87	235	1 
87	550	1 
87	679	1 
87	749	1 
87	902	2 
87	941	1 
87	1068	2 
87	1138	1 
87	1345	1 
88	71	2 
88	535	1 
88	715	1 
88	802	1 
89	29	1 
89	212	1 
89	419	1 
89	600	1 
90	80	1 
90	630	1 
90	790	2 
90	950	17 
90	1082	2 
91	73	1 
91	116	3 
91	657	1 
92	659	1 
92	680	2 
92	1276	4 
93	119	1 
93	1012	1 
94	998	1 
95	79	1 
95	214	1 
95	541	1 
96	322	1 
96	559	1 
97	201	1 
97	1128	1 
98	160	1 
98	1067	1 
98	1367	1 
99	890	1 
99	902	1 
99	1066	4 
100	9	1 
100	933	1 
100	1174	1 
102	27	1 
102	73	3 
103	88	2 
103	301	1 
103	472	1 
103	502	1 
103	538	1 
103	766	1 
103	1016	1 
103	1025	1 
103	1244	1 
104	28	1 
104	1411	1 
105	358	1 
105	658	2 
105	981	1 
105	1437	1 
106	1205	3 
108	238	2 
108	397	1 
108	1153	11 
109	184	1 
109	231	2 
109	348	1 
109	525	1 
109	798	1 
110	221	2 
110	433	1 
110	890	1 
110	1128	1 
111	785	1 
112	880	1 
112	1376	1 
112	1403	1 
113	191	2 
113	364	2 
113	525	1 
113	541	2 
113	1129	1 
113	1205	1 
114	127	1 
114	470	1 
114	1441	1 
115	92	2 
115	397	1 
115	1174	1 
116	134	1 
116	540	1 
117	392	1 
118	75	1 
118	191	1 
118	764	1 
119	451	8 
119	564	1 
120	4	1 
120	24	1 
120	863	1 
120	1182	2 
121	3	1 
121	5	1 
121	623	1 
121	840	1 
121	1306	1 
122	5	1 
122	846	1 
122	1067	1 
123	262	2 
123	1335	12 
124	20	1 
124	395	1 
124	404	2 
124	912	1 
124	1035	1 
124	1307	2 
125	315	1 
125	506	1 
125	571	1 
125	1082	2 
126	1222	1 
127	253	1 
128	292	1 
128	407	1 
129	79	2 
129	460	1 
129	514	1 
129	599	1 
129	733	1 
129	745	1 
129	880	1 
129	1365	1 
129	1373	1 
129	1440	1 
129	1441	1 
129	1458	1 
130	1063	1 
131	16	2 
131	79	1 
131	411	1 
131	590	1 
132	5	1 
132	196	1 
132	890	1 
132	1345	1 
133	4	3 
133	1105	1 
133	1359	1 
134	135	5 
134	511	1 
134	1024	1 
135	20	1 
135	272	1 
136	93	1 
136	232	2 
136	271	1 
136	661	6 
136	907	2 
136	1211	2 
137	116	2 
137	255	1 
137	348	2 
137	362	1 
137	541	1 
137	1008	1 
137	1220	1 
138	45	1 
138	63	1 
138	157	2 
138	251	16 
138	596	5 
138	657	1 
138	672	2 
138	923	1 
138	965	2 
138	1015	1 
138	1088	1 
138	1158	4 
138	1416	1 
138	1439	1 
139	20	1 
139	81	1 
139	207	1 
139	759	1 
139	863	1 
140	92	1 
140	110	1 
140	379	1 
140	518	2 
140	824	1 
140	843	1 
140	1406	2 
142	521	1 
142	732	5 
142	1166	2 
143	88	1 
143	704	1 
143	727	1 
143	1000	4 
144	26	1 
144	146	1 
145	250	1 
145	642	2 
145	1134	1 
145	1209	1 
146	517	2 
146	710	1 
147	187	1 
147	743	1 
147	914	1 
147	1056	1 
147	1325	2 
147	1355	1 
148	294	1 
148	675	1 
149	202	3 
149	617	2 
149	1194	1 
150	230	1 
151	828	2 
152	747	1 
152	1365	1 
153	50	1 
153	598	2 
154	94	1 
154	213	1 
154	215	1 
155	310	1 
155	368	1 
156	329	1 
156	445	5 
156	456	1 
156	1202	1 
157	51	1 
157	460	1 
157	470	1 
157	508	1 
157	631	2 
158	18	1 
158	172	1 
158	307	1 
158	600	2 
158	844	1 
158	980	1 
158	1051	1 
158	1376	1 
160	174	1 
160	887	1 
160	1323	1 
161	5	1 
161	477	1 
161	941	1 
161	1022	1 
162	116	1 
162	268	17 
162	615	1 
162	843	1 
162	867	1 
163	328	1 
164	177	2 
164	880	2 
164	905	1 
165	365	1 
166	763	1 
167	622	1 
167	841	5 
167	1284	1 
168	5	1 
168	168	1 
168	662	1 
168	890	2 
168	1051	1 
169	294	1 
169	358	2 
169	1140	1 
169	1359	1 
170	17	1 
170	583	1 
170	789	2 
170	1210	1 
171	110	1 
171	474	1 
171	1289	4 
172	51	1 
172	140	1 
172	510	8 
172	640	1 
172	712	1 
172	825	1 
173	397	1 
174	1266	2 
174	1458	1 
175	247	1 
175	576	6 
175	643	1 
176	7	1 
176	281	1 
176	1067	1 
177	397	1 
177	1050	1 
178	106	1 
180	129	1 
180	554	2 
181	653	1 
181	978	1 
181	1182	1 
181	1380	1 
182	222	1 
182	479	1 
182	573	1 
183	180	2 
184	516	1 
184	954	1 
185	990	1 
186	683	1 
187	83	2 
187	459	1 
188	59	6 
188	992	1 
189	823	1 
190	800	1 
191	218	1 
191	839	1 
192	326	1 
192	1273	1 
193	106	1 
193	355	1 
193	1003	1 
193	1197	1 
195	120	1 
195	1027	1 
196	392	1 
197	213	1 
197	573	3 
197	893	1 
197	1103	1 
198	406	3 
198	738	1 
199	51	1 
199	392	1 
200	324	1 
200	913	1 
201	1072	1 
202	162	1 
202	250	2 
202	1153	5 
203	116	2 
203	275	1 
203	369	1 
203	424	1 
203	958	1 
203	1163	1 
204	257	3 
204	1362	1 
204	1365	1 
205	170	1 
205	214	1 
205	631	1 
206	577	2 
206	618	5 
207	1284	1 
208	19	1 
208	58	1 
208	453	1 
210	891	1 
211	79	1 
211	244	1 
211	1028	1 
213	1200	8 
213	1271	1 
214	147	1 
214	826	1 
214	958	2 
214	1094	1 
214	1267	1 
216	741	1 
216	821	1 
217	92	1 
217	214	1 
217	787	1 
217	1248	1 
218	214	1 
218	971	1 
219	637	1 
219	794	3 
220	79	3 
220	157	3 
220	470	1 
220	640	2 
220	831	2 
220	1255	1 
220	1376	1 
221	5	1 
222	731	1 
222	1176	1 
223	93	13 
223	678	1 
223	696	1 
223	846	1 
223	1373	2 
224	151	1 
225	380	1 
225	679	1 
227	522	1 
227	591	1 
227	703	1 
227	719	1 
227	1066	9 
227	1237	1 
227	1390	2 
228	508	1 
228	1301	1 
229	69	1 
229	289	1 
229	520	1 
229	740	1 
230	599	1 
230	657	1 
230	1182	1 
231	79	1 
231	257	1 
231	406	1 
231	569	1 
231	681	1 
232	11	1 
232	134	1 
232	219	5 
232	361	1 
232	934	1 
232	991	1 
232	1252	3 
232	1273	1 
233	1010	1 
234	157	1 
234	187	2 
234	1391	1 
235	264	2 
235	271	2 
236	107	1 
236	852	1 
236	1039	1 
236	1191	1 
236	1458	1 
237	262	1 
237	477	1 
238	646	1 
238	829	2 
239	1175	1 
240	121	1 
241	224	3 
241	1149	1 
241	1331	1 
242	321	1 
242	388	2 
242	552	1 
242	1106	1 
243	12	1 
243	63	1 
243	1334	1 
244	214	1 
244	1425	1 
245	410	1 
245	589	1 
245	1084	1 
246	136	1 
246	191	1 
246	433	1 
246	908	2 
246	988	1 
246	1025	1 
247	70	1 
247	116	2 
247	214	1 
247	557	1 
247	781	1 
247	822	1 
247	1126	1 
247	1227	1 
247	1310	2 
247	1447	1 
248	606	1 
248	719	1 
250	0	2 
250	94	1 
250	846	1 
250	908	1 
250	1311	1 
251	869	1 
251	1365	1 
252	110	2 
252	177	1 
252	199	1 
252	363	1 
252	411	1 
252	456	2 
252	954	1 
252	1052	1 
252	1062	1 
252	1438	1 
253	478	1 
253	512	1 
253	546	1 
253	590	1 
254	80	1 
256	165	1 
256	760	2 
256	764	1 
256	847	1 
256	880	2 
256	959	1 
257	93	2 
258	645	1 
258	972	1 
258	1311	1 
259	41	4 
259	569	1 
259	1095	1 
260	59	2 
260	308	1 
260	454	1 
260	1140	1 
260	1168	1 
261	42	1 
261	591	1 
261	726	1 
262	75	5 
262	118	1 
262	127	1 
262	173	1 
262	242	1 
262	479	1 
262	559	2 
262	1020	1 
262	1131	1 
263	15	1 
263	156	1 
263	268	1 
263	527	1 
263	797	1 
263	887	1 
263	1253	1 
264	541	1 
264	557	2 
264	596	1 
264	631	1 
264	687	1 
264	700	1 
264	1047	4 
264	1253	6 
264	1455	1 
268	614	1 
268	880	1 
269	347	3 
269	587	1 
269	696	3 
269	906	12 
270	20	1 
270	214	3 
270	426	1 
270	652	1 
270	994	2 
270	1367	2 
272	100	1 
272	135	3 
272	153	1 
273	70	1 
273	214	1 
273	849	1 
274	445	8 
274	1459	2 
275	79	1 
275	275	1 
275	425	1 
275	890	1 
276	96	2 
276	280	1 
276	922	1 
276	1157	1 
277	1243	2 
278	138	1 
278	324	1 
278	1179	1 
279	110	1 
279	169	1 
279	397	6 
280	338	1 
280	525	1 
282	643	1 
282	1135	1 
282	1197	1 
283	268	1 
284	204	1 
284	399	1 
284	1421	1 
285	1152	1 
286	907	2 
287	735	1 
287	775	1 
287	1196	1 
288	106	1 
288	1041	1 
288	1045	1 
288	1276	1 
288	1335	1 
290	218	1 
290	693	1 
290	810	1 
290	1009	1 
291	51	1 
291	135	1 
291	648	1 
291	1274	1 
292	139	2 
292	463	1 
293	115	1 
293	393	1 
293	432	1 
293	554	1 
294	5	1 
294	116	4 
294	253	1 
294	1286	1 
295	135	1 
295	172	1 
295	523	1 
295	566	1 
295	1194	1 
296	150	1 
296	622	1 
297	9	2 
297	21	1 
297	100	1 
297	139	1 
297	395	1 
297	453	1 
297	719	1 
297	844	1 
297	1089	1 
298	330	1 
299	1263	1 
299	1300	2 
299	1367	1 
300	83	3 
300	441	1 
301	446	2 
301	736	1 
301	1148	2 
302	532	1 
304	1045	1 
305	70	1 
305	93	1 
306	320	1 
307	16	33 
307	25	18 
307	111	4 
307	160	5 
307	569	2 
307	1423	3 
308	366	1 
308	992	1 
308	1286	3 
309	218	1 
309	893	1 
309	1125	1 
309	1355	1 
310	20	3 
310	93	1 
310	224	1 
310	969	1 
311	158	1 
311	1111	1 
312	315	1 
313	893	1 
314	172	1 
314	219	1 
314	235	1 
315	19	2 
316	397	1 
316	760	1 
316	1010	2 
316	1219	2 
317	378	1 
317	702	1 
318	578	1 
319	939	2 
319	1172	2 
319	1178	2 
319	1306	1 
321	362	1 
321	717	2 
322	384	2 
322	421	4 
322	1034	1 
322	1056	3 
322	1397	1 
323	522	2 
323	1260	1 
324	401	1 
324	489	1 
325	556	1 
326	9	2 
326	20	1 
326	63	1 
326	303	1 
326	363	2 
326	1051	1 
327	20	1 
327	162	7 
327	258	1 
327	863	1 
328	243	1 
328	791	1 
328	895	1 
328	907	1 
329	135	1 
330	5	1 
330	202	5 
331	5	3 
331	110	1 
332	267	3 
332	1184	1 
333	72	1 
333	136	1 
333	579	1 
333	1383	1 
334	258	1 
334	504	1 
334	615	1 
334	719	2 
334	1015	1 
334	1151	1 
335	528	1 
337	99	1 
337	118	1 
337	394	1 
337	685	1 
337	737	1 
337	954	1 
337	1230	1 
338	360	1 
339	270	1 
339	843	1 
339	1392	1 
340	62	3 
340	985	1 
341	133	1 
341	149	1 
341	377	1 
341	458	1 
341	595	1 
341	709	1 
341	890	1 
341	1329	1 
341	1408	1 
342	37	1 
342	392	1 
342	397	1 
342	658	1 
342	810	1 
342	1073	1 
342	1409	1 
343	43	1 
343	363	1 
343	554	1 
343	712	1 
343	713	1 
343	1273	1 
344	657	1 
344	1020	1 
345	80	1 
345	293	1 
345	592	2 
345	991	1 
345	1376	1 
345	1445	1 
346	24	1 
346	319	1 
346	335	1 
346	337	1 
346	510	1 
346	562	1 
346	849	1 
346	854	1 
347	434	1 
347	615	1 
347	713	5 
349	446	2 
349	731	2 
350	100	1 
350	541	1 
350	1163	1 
350	1242	1 
352	64	1 
352	191	1 
352	848	3 
352	914	1 
353	492	1 
353	653	2 
353	806	1 
353	959	8 
353	1128	1 
353	1241	4 
355	483	1 
355	972	1 
355	1134	1 
356	20	1 
356	450	2 
356	522	1 
356	524	2 
356	675	1 
357	85	1 
357	136	1 
357	1111	1 
358	1370	1 
358	1412	1 
359	127	1 
359	471	1 
359	558	1 
359	1171	1 
360	113	1 
360	469	1 
360	527	1 
360	765	1 
360	1237	2 
361	599	1 
362	0	1 
362	898	5 
363	552	1 
363	794	2 
364	93	2 
364	345	1 
364	398	1 
364	470	1 
364	919	1 
365	147	1 
365	380	1 
366	196	1 
366	366	2 
366	733	1 
367	5	1 
367	1184	1 
368	218	1 
368	1209	1 
369	516	1 
369	827	1 
369	969	1 
369	1157	1 
370	1007	1 
370	1444	1 
371	62	1 
371	379	3 
371	838	1 
371	1001	1 
371	1292	1 
371	1379	1 
372	74	2 
372	214	1 
372	698	1 
372	783	1 
372	932	1 
372	1009	1 
374	514	1 
375	446	1 
376	202	1 
376	934	2 
376	1032	1 
376	1045	2 
376	1192	1 
376	1273	1 
377	59	1 
377	670	1 
378	808	1 
379	541	1 
379	792	1 
380	20	1 
380	215	1 
381	26	1 
381	108	2 
381	135	1 
382	371	1 
382	826	1 
383	194	1 
384	147	1 
384	214	1 
384	531	1 
384	855	2 
384	1389	1 
384	1395	1 
385	28	1 
385	459	1 
385	775	4 
386	105	6 
386	127	1 
386	670	1 
386	897	1 
386	1457	1 
387	83	1 
387	298	1 
387	306	1 
387	824	1 
387	972	1 
387	1232	2 
387	1369	2 
388	191	2 
388	1242	2 
389	4	6 
389	218	1 
389	234	1 
389	330	1 
389	511	2 
389	676	7 
389	710	1 
389	746	1 
389	1020	1 
389	1312	1 
389	1439	1 
390	235	1 
390	271	1 
390	328	1 
390	1211	1 
390	1359	1 
391	363	1 
391	846	2 
392	15	1 
392	23	1 
392	35	1 
392	62	2 
392	243	1 
392	525	2 
392	672	2 
392	958	2 
393	575	1 
393	1163	1 
394	54	1 
394	300	1 
394	303	1 
394	424	2 
395	681	1 
396	147	1 
396	161	1 
396	214	4 
396	254	1 
396	364	1 
396	597	2 
396	858	1 
396	1091	1 
396	1211	10 
398	599	1 
398	928	1 
398	1442	1 
399	97	1 
399	118	1 
399	328	1 
399	436	1 
399	658	1 
399	993	1 
399	998	1 
399	1365	1 
400	13	1 
400	694	1 
401	224	1 
401	681	1 
403	44	1 
403	225	1 
403	535	1 
403	649	1 
403	1402	1 
404	20	2 
404	577	1 
404	1457	1 
405	87	1 
405	278	1 
405	657	1 
406	79	1 
406	135	8 
406	457	1 
406	626	1 
406	1010	2 
406	1255	3 
406	1339	1 
407	804	11 
408	21	1 
408	243	2 
409	11	1 
409	1382	1 
410	214	1 
410	645	2 
410	748	1 
411	576	2 
413	1253	1 
413	1312	1 
414	64	1 
414	160	1 
415	479	1 
415	842	1 
415	1228	1 
415	1280	2 
415	1428	1 
415	1435	1 
416	11	1 
416	31	1 
416	164	1 
416	289	1 
416	296	1 
416	388	1 
416	1010	1 
416	1040	4 
416	1376	1 
418	53	1 
418	434	1 
418	487	1 
418	598	1 
418	714	1 
418	904	1 
419	172	1 
419	279	1 
419	306	1 
419	386	1 
419	431	1 
419	500	1 
419	577	1 
421	304	1 
421	334	1 
421	610	1 
421	654	1 
421	1024	2 
421	1194	1 
422	1232	6 
424	587	1 
424	643	3 
424	922	1 
425	16	1 
425	135	56 
425	176	1 
425	177	1 
425	270	1 
425	370	1 
425	503	1 
425	631	1 
425	760	1 
425	821	4 
425	939	1 
425	1257	1 
425	1330	1 
426	177	1 
426	202	1 
426	504	1 
426	902	1 
426	1402	1 
427	765	1 
427	810	3 
428	294	1 
428	307	1 
428	394	1 
428	1067	1 
429	204	1 
429	376	1 
429	887	3 
430	12	1 
430	139	1 
430	393	1 
430	398	1 
430	629	1 
430	1286	1 
431	90	1 
431	966	6 
432	16	2 
432	25	1 
432	83	6 
432	1222	1 
433	844	1 
433	1009	1 
433	1070	1 
434	318	1 
434	1343	2 
434	1437	1 
435	28	1 
436	110	1 
436	135	1 
437	157	1 
438	569	3 
439	157	1 
439	172	1 
439	178	1 
439	941	1 
439	1147	1 
439	1352	1 
440	59	1 
441	214	2 
441	853	1 
442	218	1 
443	44	1 
443	257	1 
443	514	1 
443	991	1 
443	1028	1 
443	1201	1 
444	1010	1 
445	459	5 
446	405	5 
448	328	2 
449	42	3 
449	83	3 
449	459	1 
449	525	1 
449	795	1 
449	861	1 
449	1120	1 
450	628	1 
450	1456	1 
451	235	1 
451	466	2 
451	1454	2 
452	292	1 
452	1021	1 
453	135	2 
453	149	2 
453	185	1 
453	296	1 
453	897	4 
453	922	1 
453	1110	1 
453	1158	1 
453	1370	1 
453	1451	1 
454	62	1 
455	21	1 
455	370	1 
455	529	1 
455	667	1 
455	1375	1 
456	20	11 
456	52	1 
456	219	1 
456	264	2 
456	569	4 
456	1301	1 
456	1428	1 
458	17	1 
458	20	1 
459	142	1 
459	231	1 
459	848	1 
459	1016	1 
459	1053	1 
459	1170	1 
459	1442	1 
460	272	3 
460	554	1 
460	880	1 
460	994	2 
461	19	1 
462	121	2 
462	135	4 
462	522	2 
462	832	1 
462	880	2 
462	1003	1 
462	1376	1 
463	453	1 
463	741	33 
463	890	1 
464	66	1 
464	1135	1 
466	24	1 
466	135	1 
466	773	1 
466	870	1 
466	1256	1 
467	433	1 
467	569	1 
467	689	1 
467	1046	1 
468	357	1 
468	874	1 
469	719	1 
469	1223	2 
471	375	1 
471	576	6 
471	795	1 
471	1460	1 
472	537	1 
472	629	1 
473	569	6 
473	1390	1 
474	319	1 
475	83	1 
475	261	1 
476	350	2 
477	235	1 
477	910	1 
478	4	1 
478	484	1 
478	504	1 
478	612	1 
478	684	1 
479	1279	2 
480	20	3 
480	192	1 
480	364	1 
480	678	1 
481	10	1 
481	1411	2 
482	56	1 
482	844	1 
482	918	1 
482	949	1 
482	1108	1 
482	1278	4 
482	1283	1 
483	82	1 
483	110	1 
483	215	2 
483	219	1 
483	382	2 
483	624	1 
483	771	1 
483	778	2 
484	139	2 
484	553	2 
484	1059	2 
485	1045	1 
486	862	1 
487	1148	1 
487	1284	2 
488	20	1 
488	62	2 
489	111	1 
489	116	3 
489	1053	1 
490	1396	1 
491	196	3 
491	235	2 
491	668	1 
491	984	1 
491	1398	1 
492	202	4 
492	411	1 
492	843	1 
492	1147	1 
493	1005	1 
493	1105	1 
493	1180	1 
493	1182	1 
493	1389	1 
494	1224	1 
495	975	1 
496	188	1 
496	241	1 
496	328	2 
497	62	2 
498	200	1 
498	676	2 
498	1137	1 
498	1266	1 
499	4	1 
499	20	1 
499	626	1 
499	654	1 
499	1232	9 
500	202	1 
500	310	1 
500	858	2 
501	7	1 
501	729	1 
501	1219	2 
502	8	2 
502	223	1 
502	257	13 
502	362	1 
502	691	2 
502	1296	1 
502	1424	1 
503	20	2 
503	116	3 
503	177	1 
503	671	1 
503	783	1 
503	1134	1 
505	88	1 
505	116	1 
506	62	1 
506	116	2 
506	165	1 
506	877	1 
506	1058	4 
507	682	1 
507	796	1 
507	897	1 
508	12	4 
508	96	1 
508	135	2 
508	321	64 
508	363	2 
508	496	2 
508	875	1 
508	1092	1 
509	286	1 
509	469	1 
509	683	1 
509	990	1 
510	1146	1 
511	210	1 
511	425	2 
511	1084	3 
512	93	5 
513	318	1 
513	497	1 
513	845	1 
514	127	1 
514	418	1 
514	505	1 
514	1157	1 
515	62	3 
516	629	1 
517	92	1 
517	177	1 
518	93	1 
518	116	1 
518	362	1 
518	855	1 
518	1171	1 
518	1409	1 
519	990	1 
519	1004	2 
519	1321	1 
520	443	2 
521	20	4 
521	541	1 
522	139	1 
522	870	1 
522	967	1 
523	18	1 
523	93	1 
523	162	1 
523	825	1 
524	28	1 
524	673	1 
524	1068	1 
524	1197	1 
525	387	1 
525	681	1 
526	191	1 
526	941	2 
526	1144	1 
527	303	1 
527	406	1 
528	760	1 
528	1083	1 
530	1	1 
530	906	2 
530	1146	1 
531	433	1 
532	73	1 
532	544	1 
532	979	1 
533	724	1 
533	898	1 
533	996	2 
533	1220	1 
533	1243	2 
533	1417	1 
534	314	1 
534	522	1 
534	784	1 
534	897	1 
534	925	1 
534	1331	1 
535	110	1 
535	1088	1 
536	82	1 
536	321	1 
536	476	1 
536	726	1 
537	160	1 
537	235	2 
537	251	1 
537	433	1 
537	466	1 
538	341	1 
538	988	1 
538	1363	1 
539	20	3 
539	331	1 
539	453	1 
540	37	1 
541	61	2 
541	827	1 
542	12	1 
542	505	1 
542	834	1 
542	1304	1 
543	262	2 
543	441	1 
544	569	2 
544	1195	1 
544	1256	1 
546	296	1 
546	348	1 
546	430	1 
546	503	1 
546	737	1 
546	904	1 
546	988	4 
546	1157	1 
547	834	1 
547	914	1 
548	406	1 
548	1052	1 
549	1033	1 
550	541	1 
550	673	1 
551	273	1 
551	985	8 
553	362	1 
553	543	1 
553	618	1 
553	686	1 
553	689	1 
553	936	1 
553	994	4 
554	442	2 
555	271	1 
555	503	1 
555	715	1 
555	881	1 
555	998	1 
556	139	1 
556	483	1 
556	1289	2 
558	281	1 
558	441	1 
558	478	1 
558	541	1 
558	781	1 
558	1295	1 
558	1390	1 
559	249	2 
559	307	1 
559	459	2 
559	622	2 
559	1132	1 
560	117	1 
560	148	1 
560	449	1 
560	929	1 
560	1415	1 
561	1352	1 
562	929	1 
563	470	3 
563	517	3 
563	541	1 
563	828	2 
564	20	6 
564	73	2 
564	116	1 
564	491	1 
564	856	1 
564	1343	1 
565	16	1 
565	242	1 
565	257	1 
565	710	1 
565	956	1 
565	1268	1 
565	1311	1 
566	157	4 
567	116	3 
567	440	2 
567	789	1 
567	1110	1 
568	514	1 
568	1389	1 
569	259	1 
569	919	5 
569	1043	1 
570	20	1 
570	69	2 
570	789	1 
570	843	1 
570	896	1 
571	202	1 
571	433	1 
572	107	1 
572	385	1 
572	1227	1 
573	116	1 
573	569	1 
573	720	1 
573	756	1 
573	776	1 
574	116	1 
574	541	1 
575	4	1 
575	9	2 
575	79	1 
575	363	1 
576	853	1 
576	876	1 
576	1189	1 
576	1230	1 
576	1447	1 
577	1057	1 
577	1123	1 
577	1382	1 
578	107	1 
578	350	1 
578	393	1 
578	483	1 
578	539	1 
578	993	1 
578	996	1 
578	1325	1 
579	61	3 
579	327	2 
579	496	2 
579	856	1 
579	1098	1 
579	1218	1 
580	101	1 
580	763	1 
581	397	1 
581	732	3 
581	1297	1 
581	1299	1 
582	49	1 
582	127	1 
582	199	1 
582	517	1 
583	73	1 
584	1026	1 
585	100	1 
585	130	1 
585	202	3 
585	238	1 
585	387	1 
585	469	1 
585	471	1 
585	654	1 
585	1410	1 
586	133	1 
586	246	1 
586	639	1 
587	62	1 
587	810	2 
588	16	1 
588	156	1 
588	735	2 
588	739	1 
588	938	2 
588	1303	2 
589	91	4 
589	485	1 
589	915	1 
589	1209	1 
590	24	1 
590	90	1 
590	458	1 
590	745	2 
590	898	1 
590	998	1 
590	1010	1 
590	1095	1 
590	1108	1 
590	1340	3 
590	1433	1 
592	70	1 
592	1169	10 
593	19	1 
593	305	2 
593	612	1 
593	693	1 
593	800	1 
593	1317	1 
594	148	1 
594	170	1 
594	192	1 
594	457	2 
594	1200	1 
595	69	1 
596	301	2 
596	603	1 
596	1286	1 
596	1368	2 
597	49	1 
597	59	8 
597	496	2 
598	4	1 
598	20	3 
598	214	5 
599	199	1 
599	302	1 
600	353	1 
601	218	1 
601	363	1 
601	426	1 
601	829	2 
602	135	1 
603	139	1 
603	191	1 
603	341	1 
603	348	1 
603	770	2 
603	971	1 
604	915	1 
605	90	1 
605	341	1 
606	128	1 
606	188	1 
606	994	1 
607	306	1 
608	157	2 
608	1216	8 
609	191	2 
609	228	2 
609	479	1 
609	805	1 
609	1085	1 
610	292	1 
610	513	1 
610	833	1 
610	1182	1 
611	16	2 
611	378	2 
611	748	1 
612	292	1 
612	1034	1 
613	543	1 
613	656	1 
614	20	1 
614	135	1 
614	180	1 
614	829	1 
616	363	1 
616	400	2 
616	1161	1 
617	215	1 
617	242	1 
617	262	1 
617	467	1 
617	481	1 
617	957	1 
618	905	145 
618	1079	1 
618	1342	1 
619	178	1 
619	687	1 
619	809	1 
619	1212	1 
620	4	1 
620	70	1 
620	257	1 
621	238	1 
622	20	2 
622	188	1 
622	325	2 
622	631	1 
622	882	1 
622	1033	8 
622	1145	1 
623	166	1 
625	174	1 
625	1092	1 
626	420	1 
626	1096	1 
627	218	1 
627	504	1 
627	592	1 
627	1012	1 
628	106	1 
628	1138	1 
629	363	1 
629	633	3 
629	708	1 
630	553	1 
630	762	1 
630	827	1 
631	1062	1 
632	679	1 
632	722	1 
633	432	1 
633	504	1 
633	553	1 
633	1371	1 
633	1435	1 
634	732	1 
635	202	2 
636	1122	1 
637	642	1 
637	894	1 
637	1409	1 
638	292	1 
638	560	1 
638	573	1 
638	1216	1 
639	1188	1 
640	79	1 
641	501	1 
641	891	1 
641	1453	1 
643	20	1 
643	160	2 
643	446	1 
644	116	2 
644	275	1 
644	383	1 
645	106	1 
645	326	1 
645	711	1 
647	1043	1 
648	147	1 
648	221	2 
648	475	1 
648	855	1 
648	1414	2 
649	624	9 
649	887	1 
649	1217	2 
650	432	1 
651	48	1 
651	554	1 
651	1052	2 
651	1240	1 
652	879	1 
652	1276	1 
653	62	5 
653	599	1 
653	649	2 
653	682	1 
654	121	4 
654	522	1 
655	59	1 
655	107	1 
655	286	2 
657	328	1 
657	509	1 
657	567	1 
658	5	1 
658	353	2 
658	588	12 
659	1133	1 
660	377	1 
660	536	1 
660	882	1 
660	937	1 
660	942	1 
661	347	1 
661	459	1 
661	1403	1 
662	191	1 
662	198	1 
662	214	1 
662	234	1 
662	891	1 
662	1139	1 
663	28	1 
664	16	2 
664	111	4 
664	161	5 
664	177	1 
664	735	1 
664	1019	1 
665	59	9 
665	93	3 
665	433	1 
666	387	5 
666	916	1 
666	1237	1 
667	384	1 
668	700	1 
668	712	1 
668	781	1 
668	1106	1 
669	385	1 
669	1000	1 
669	1205	6 
669	1210	1 
671	307	1 
671	628	1 
671	1007	1 
672	827	1 
673	69	1 
673	110	1 
673	417	1 
673	637	2 
673	953	1 
673	1322	1 
674	5	1 
674	148	1 
674	425	1 
674	556	19 
674	637	3 
674	754	2 
674	1044	1 
674	1084	1 
676	436	1 
676	498	2 
676	569	1 
676	660	3 
676	802	3 
676	855	1 
676	985	1 
676	1340	1 
677	264	1 
678	786	3 
678	848	2 
678	874	1 
678	961	1 
678	1178	2 
678	1396	1 
678	1433	1 
679	459	1 
679	659	1 
679	1260	1 
680	588	1 
680	728	1 
681	135	1 
681	933	1 
682	254	1 
682	1033	26 
683	363	1 
683	741	1 
683	1285	1 
684	885	1 
684	1250	1 
685	522	1 
685	620	1 
685	1265	1 
685	1313	1 
686	817	1 
686	972	1 
686	1266	1 
687	239	3 
687	1216	1 
688	4	4 
690	748	1 
690	994	1 
691	202	1 
691	627	1 
692	194	1 
692	368	1 
692	459	1 
693	816	1 
694	16	2 
694	625	1 
694	753	1 
694	850	1 
694	1266	1 
694	1338	1 
695	39	1 
695	116	6 
695	220	1 
695	257	1 
695	669	2 
695	1192	1 
695	1409	1 
696	40	1 
696	163	1 
696	477	1 
696	483	3 
697	122	23 
697	1190	1 
697	1247	1 
697	1345	1 
699	28	1 
700	587	1 
701	1041	1 
701	1276	3 
701	1387	1 
702	163	1 
702	203	1 
702	442	1 
702	1109	9 
703	1318	1 
704	664	1 
704	790	1 
705	19	1 
705	1272	1 
706	251	1 
706	285	1 
706	500	1 
706	933	1 
706	1035	1 
706	1151	1 
707	942	2 
707	1318	1 
708	26	1 
708	183	1 
708	376	1 
708	976	1 
708	1091	1 
708	1168	1 
709	13	2 
709	212	1 
711	84	1 
711	767	1 
711	801	3 
711	1148	1 
712	107	1 
712	494	1 
712	726	2 
712	917	1 
713	794	1 
713	1284	1 
715	267	1 
715	456	1 
715	878	1 
715	1154	1 
717	1415	7 
718	41	11 
719	224	1 
719	292	5 
719	773	1 
719	849	1 
719	854	1 
719	1130	1 
719	1176	1 
720	79	1 
720	599	1 
721	102	1 
721	348	1 
722	1070	3 
722	1111	1 
723	5	2 
723	111	1 
723	160	1 
725	11	1 
725	93	8 
725	673	1 
726	94	3 
727	393	1 
728	18	1 
728	79	1 
728	1345	1 
729	240	2 
729	462	1 
729	1234	2 
729	1460	2 
730	160	1 
731	93	1 
731	300	1 
731	1036	1 
732	283	1 
732	608	1 
732	683	1 
733	446	5 
733	765	3 
735	178	1 
735	1449	1 
736	9	1 
736	862	1 
736	1405	1 
737	959	1 
738	890	1 
738	1164	1 
739	93	4 
739	438	1 
739	821	4 
740	198	2 
740	742	1 
742	234	1 
742	307	1 
742	699	1 
743	134	1 
743	222	4 
743	590	1 
743	710	3 
743	1022	1 
744	135	1 
744	264	2 
746	110	1 
746	1063	2 
747	1144	1 
748	53	1 
748	73	1 
748	173	2 
748	174	1 
748	254	1 
748	397	2 
748	469	1 
748	500	1 
748	727	1 
748	824	1 
748	902	1 
748	1214	1 
749	247	5 
749	363	1 
749	426	1 
749	1135	1 
750	21	1 
750	127	1 
750	135	1 
750	256	1 
750	926	1 
750	1065	1 
750	1109	1 
750	1380	1 
750	1388	1 
752	633	1 
752	1369	1 
753	116	4 
753	1166	1 
753	1190	5 
753	1384	6 
753	1459	1 
755	5	4 
755	267	1 
755	390	4 
756	70	1 
757	1057	1 
758	116	2 
759	113	1 
760	1377	1 
761	202	1 
762	657	1 
762	785	1 
763	202	2 
763	215	1 
763	497	4 
763	817	1 
763	1124	1 
764	4	1 
764	128	1 
765	157	2 
766	116	3 
766	508	2 
766	909	1 
767	586	3 
767	1356	2 
768	406	1 
769	289	1 
769	882	1 
769	1106	2 
770	62	8 
770	383	1 
771	93	1 
771	558	1 
771	823	1 
772	113	1 
772	453	1 
772	781	1 
773	250	1 
773	483	1 
773	1436	1 
776	17	5 
776	107	1 
776	874	1 
776	926	1 
776	1450	1 
777	188	1 
778	62	2 
778	193	2 
778	328	3 
778	483	1 
778	496	2 
778	497	1 
778	753	1 
778	874	1 
778	1266	1 
779	402	1 
779	1101	1 
780	121	1 
780	467	2 
781	894	1 
781	1172	2 
781	1346	1 
782	1236	1 
783	57	1 
783	177	1 
784	20	1 
785	218	4 
785	468	1 
785	760	1 
786	475	1 
788	125	2 
788	729	1 
789	83	1 
789	824	4 
790	204	1 
790	217	1 
790	770	1 
790	1286	1 
791	1133	1 
791	1361	1 
792	26	1 
792	146	3 
792	1033	50 
794	368	2 
794	568	1 
794	938	1 
794	1044	1 
794	1290	2 
796	5	1 
797	943	1 
797	1048	1 
798	79	11 
798	135	2 
798	202	1 
798	521	34 
798	522	11 
798	578	1 
798	724	14 
798	746	1 
799	1281	1 
800	1160	1 
802	20	1 
802	62	2 
803	191	1 
803	328	1 
803	384	1 
803	605	5 
803	1098	3 
804	1424	1 
805	157	1 
805	351	1 
805	355	1 
805	362	1 
805	834	1 
805	925	1 
805	962	1 
805	1387	1 
806	3	1 
807	3	1 
807	62	1 
807	157	1 
807	271	2 
807	570	1 
807	1133	1 
808	803	1 
808	888	3 
809	62	2 
809	1412	1 
810	111	4 
810	253	1 
810	637	1 
810	1198	1 
811	56	1 
811	694	1 
813	321	1 
813	898	1 
813	1244	1 
815	169	1 
815	382	1 
816	349	1 
816	917	1 
818	116	1 
818	268	9 
818	344	1 
818	502	4 
818	579	5 
818	926	1 
818	928	1 
818	1141	2 
818	1190	1 
818	1200	2 
818	1330	1 
819	253	2 
819	652	1 
819	655	1 
819	1429	1 
820	612	1 
820	1458	1 
821	120	1 
821	218	1 
823	287	1 
823	435	1 
823	822	1 
823	1451	2 
824	171	1 
824	250	1 
824	352	1 
824	470	3 
824	780	1 
824	853	1 
824	1169	1 
825	449	1 
826	357	1 
826	397	1 
827	59	1 
827	116	2 
827	180	1 
827	502	1 
827	505	1 
827	702	1 
827	1083	1 
828	251	4 
828	1323	2 
829	116	3 
830	507	2 
830	573	1 
830	915	1 
830	1339	1 
831	201	1 
833	339	1 
833	1023	3 
834	777	1 
835	139	1 
835	232	1 
837	214	1 
837	683	1 
838	43	1 
838	1041	1 
839	135	3 
839	766	1 
839	979	1 
839	1121	1 
840	953	2 
841	5	1 
842	1034	21 
843	3	1 
843	224	1 
843	928	1 
843	1090	1 
843	1204	1 
843	1343	1 
843	1424	1 
844	1078	2 
845	139	1 
845	719	2 
845	1088	1 
845	1378	1 
846	531	2 
846	1028	1 
846	1233	1 
848	157	1 
849	329	1 
849	872	1 
849	1411	1 
849	1426	1 
850	86	1 
850	88	1 
850	202	1 
850	391	3 
850	729	1 
850	751	4 
850	965	1 
851	398	2 
851	586	1 
852	267	1 
852	1182	1 
853	757	1 
854	576	1 
854	580	4 
854	619	2 
854	808	3 
854	1135	5 
855	219	1 
855	250	1 
855	928	1 
856	132	1 
856	1082	1 
858	895	1 
859	215	1 
859	1432	1 
860	59	7 
860	110	3 
860	363	2 
860	814	3 
862	54	1 
862	92	2 
862	364	1 
862	606	1 
862	670	1 
862	1090	1 
862	1159	1 
863	325	1 
863	1007	1 
865	93	8 
865	492	1 
865	552	1 
865	838	1 
865	1010	1 
865	1063	2 
866	251	2 
866	578	1 
867	223	1 
867	357	1 
867	874	2 
868	2	1 
868	178	1 
868	608	1 
869	248	1 
869	548	2 
869	672	1 
870	264	1 
870	1455	1 
871	428	2 
871	1022	1 
872	412	1 
872	630	2 
872	1330	1 
873	20	6 
873	135	1 
873	307	1 
873	374	1 
873	1309	2 
874	507	1 
874	528	1 
874	1442	3 
875	135	1 
876	19	1 
876	710	1 
876	1195	1 
877	270	1 
878	159	1 
879	116	1 
879	219	1 
879	755	1 
879	1332	1 
880	418	1 
880	774	1 
881	135	2 
882	157	1 
882	592	3 
882	934	1 
883	199	2 
883	446	2 
883	740	1 
884	20	1 
884	116	5 
884	406	1 
884	548	1 
885	836	1 
885	967	1 
885	1294	1 
886	411	1 
887	61	4 
887	215	1 
887	265	1 
887	611	1 
887	674	1 
887	833	1 
888	676	1 
889	55	2 
889	116	1 
889	135	2 
889	358	1 
890	790	1 
891	106	1 
892	1378	1 
893	268	1 
894	24	1 
894	93	2 
894	483	1 
894	599	1 
895	11	1 
895	61	1 
895	344	3 
895	874	1 
895	912	1 
896	13	2 
897	241	1 
897	683	1 
900	161	2 
900	205	1 
900	417	2 
900	1164	2 
901	59	1 
901	100	1 
901	139	1 
901	386	1 
901	664	1 
902	1088	1 
903	726	1 
903	1223	2 
904	121	1 
905	198	1 
905	275	1 
905	1081	1 
905	1103	1 
906	224	2 
906	476	1 
907	171	4 
907	685	1 
907	1140	1 
908	83	2 
908	116	1 
908	1063	1 
909	379	1 
909	642	1 
909	737	1 
910	294	3 
910	629	1 
910	867	1 
911	651	2 
911	1043	1 
911	1077	16 
912	3	1 
912	116	1 
912	179	1 
912	470	1 
913	96	1 
913	143	1 
913	287	1 
913	987	2 
914	20	4 
914	334	1 
914	362	1 
914	578	8 
915	446	18 
915	1423	2 
916	93	2 
916	135	3 
916	149	3 
916	171	4 
916	191	1 
916	359	1 
916	485	1 
916	569	1 
916	1454	1 
917	253	1 
917	880	2 
917	997	1 
919	953	2 
919	1135	2 
919	1342	1 
919	1422	1 
920	213	1 
920	599	1 
920	708	1 
921	78	1 
921	292	1 
921	1060	1 
921	1098	1 
922	51	1 
922	71	1 
922	88	2 
922	169	1 
922	369	1 
922	494	1 
922	527	1 
922	764	1 
922	1181	1 
922	1448	1 
923	82	1 
923	522	1 
924	249	1 
924	1048	2 
925	17	2 
925	292	1 
925	539	1 
925	1178	2 
925	1341	1 
925	1348	1 
926	363	1 
926	738	2 
926	757	2 
926	1349	2 
927	658	1 
927	1428	1 
930	696	1 
930	1034	2 
930	1044	1 
930	1100	1 
931	20	1 
931	74	1 
931	510	1 
931	522	2 
931	849	1 
931	899	4 
932	135	2 
932	531	2 
932	683	1 
933	94	1 
933	603	1 
933	616	1 
933	1143	1 
935	11	1 
935	19	1 
935	366	1 
935	679	1 
935	1059	1 
936	116	1 
936	784	1 
937	555	1 
937	569	3 
937	1070	1 
938	214	1 
938	846	1 
939	51	1 
939	561	1 
939	1028	1 
939	1224	1 
940	362	1 
940	434	1 
940	470	1 
940	656	1 
940	895	1 
940	1449	2 
941	194	2 
941	679	1 
941	1198	2 
942	139	1 
942	369	1 
942	503	1 
943	16	1 
943	347	2 
944	1259	1 
945	110	1 
945	232	1 
945	292	4 
945	518	1 
945	1105	1 
945	1332	3 
946	20	1 
946	116	1 
946	566	1 
946	597	1 
946	1240	2 
946	1340	1 
947	519	1 
947	1384	1 
947	1424	2 
949	61	1 
949	542	1 
949	547	1 
949	1092	3 
949	1444	1 
950	134	3 
950	162	1 
950	603	1 
950	829	1 
950	865	1 
950	1073	1 
951	319	1 
951	443	1 
952	1100	1 
953	319	2 
953	921	1 
954	514	1 
954	783	1 
954	909	1 
955	261	1 
955	389	1 
955	470	1 
955	976	1 
956	764	1 
956	930	1 
957	127	1 
957	191	1 
957	828	1 
958	735	2 
958	921	1 
958	1082	1 
958	1152	1 
958	1429	2 
959	810	1 
960	173	1 
961	16	1 
961	467	1 
962	844	1 
963	553	1 
964	18	1 
965	347	2 
965	772	1 
966	170	1 
966	1066	1 
967	214	1 
967	534	1 
968	262	2 
969	111	2 
969	808	1 
970	1022	1 
971	72	1 
971	502	2 
971	640	2 
971	1268	1 
973	24	1 
973	73	1 
973	133	1 
973	311	1 
973	917	1 
973	1306	1 
974	139	1 
974	202	1 
974	256	1 
974	610	1 
974	648	1 
974	870	1 
975	3	2 
975	116	5 
975	980	1 
976	311	1 
976	664	1 
976	1133	1 
976	1240	1 
976	1433	2 
977	17	2 
978	334	1 
978	467	3 
979	21	1 
979	299	1 
979	306	1 
979	406	2 
979	434	1 
979	441	1 
979	472	1 
979	477	1 
979	666	1 
979	824	1 
979	1028	1 
979	1061	1 
979	1063	1 
980	1042	1 
980	1090	1 
982	29	2 
982	992	1 
982	1121	1 
982	1459	2 
984	70	1 
984	296	1 
985	142	1 
985	1149	1 
986	467	1 
987	202	1 
987	851	1 
988	214	1 
988	217	1 
988	551	4 
988	1128	2 
989	5	1 
989	1455	1 
990	796	1 
991	204	1 
991	218	1 
992	106	1 
992	202	1 
992	267	1 
992	897	1 
993	27	1 
993	31	1 
993	285	1 
993	504	1 
993	1218	1 
993	1263	1 
995	508	1 
996	886	1 
996	953	1 
997	19	2 
997	383	1 
997	554	2 
997	890	1 
998	116	1 
998	274	1 
998	547	1 
998	1409	2 
999	246	1 
999	602	1 
999	900	1 
1000	1216	1 
1001	7	1 
1001	930	1 
1001	1250	1 
1002	777	1 
1002	863	1 
1002	1442	1 
1003	122	2 
1003	963	1 
1004	71	1 
1004	257	18 
1004	738	1 
1004	894	1 
1004	1064	2 
1005	90	1 
1005	298	1 
1005	303	1 
1005	642	1 
1005	1063	1 
1006	253	1 
1006	774	1 
1006	1196	1 
1007	140	1 
1007	1061	1 
1008	1217	1 
1008	1266	1 
1009	214	1 
1009	1193	2 
1010	608	1 
1011	135	1 
1011	363	1 
1011	537	1 
1012	939	2 
1013	5	2 
1013	251	1 
1014	40	1 
1014	751	1 
1014	1066	1 
1015	191	3 
1015	838	1 
1015	1003	1 
1016	662	1 
1016	1223	1 
1017	27	1 
1017	86	1 
1017	261	1 
1017	541	1 
1017	714	6 
1017	1027	3 
1017	1276	1 
1018	135	1 
1018	169	1 
1018	280	1 
1018	535	1 
1018	550	1 
1018	715	1 
1018	720	1 
1019	673	1 
1019	997	1 
1020	801	1 
1020	921	3 
1020	1277	1 
1022	93	4 
1022	202	1 
1023	59	2 
1023	565	1 
1023	1089	1 
1025	164	1 
1025	202	1 
1025	436	1 
1025	1125	1 
1025	1281	1 
1026	218	2 
1027	719	1 
1027	920	1 
1027	1205	3 
1028	90	1 
1028	123	1 
1028	362	1 
1028	898	1 
1029	13	1 
1029	117	1 
1029	251	1 
1033	32	1 
1033	93	1 
1033	278	1 
1033	468	2 
1033	1012	1 
1033	1153	2 
1034	9	1 
1034	18	1 
1034	235	1 
1035	345	1 
1035	471	1 
1036	981	1 
1037	873	1 
1038	190	1 
1038	257	1 
1038	1379	1 
1039	59	1 
1041	57	1 
1041	135	1 
1042	257	1 
1042	409	2 
1042	514	1 
1043	16	1 
1043	106	1 
1043	150	1 
1044	16	1 
1045	92	1 
1045	173	1 
1046	188	1 
1046	393	1 
1046	595	3 
1046	675	1 
1046	972	1 
1049	8	2 
1049	39	1 
1049	505	1 
1049	1283	1 
1049	1288	2 
1050	172	1 
1050	277	1 
1050	413	2 
1050	479	1 
1050	1199	1 
1051	319	1 
1051	569	2 
1053	1254	1 
1054	115	1 
1054	596	1 
1054	615	1 
1054	848	1 
1054	1247	6 
1054	1404	1 
1057	80	1 
1057	310	1 
1057	433	1 
1057	1156	1 
1058	20	2 
1058	135	2 
1059	455	1 
1059	1127	2 
1061	307	2 
1061	308	2 
1061	606	1 
1061	848	1 
1062	69	1 
1062	248	1 
1062	460	1 
1062	497	1 
1062	1048	1 
1062	1389	1 
1063	296	1 
1063	324	1 
1063	506	1 
1064	352	1 
1064	377	1 
1064	559	1 
1064	1289	1 
1065	306	1 
1065	1055	1 
1066	434	1 
1066	938	1 
1067	37	1 
1067	114	1 
1067	323	1 
1067	936	1 
1068	20	3 
1068	128	1 
1068	734	1 
1068	1343	1 
1070	16	1 
1070	135	2 
1070	140	1 
1070	250	1 
1070	475	1 
1071	83	2 
1071	1044	1 
1072	16	1 
1072	111	1 
1074	332	1 
1074	666	1 
1074	1291	1 
1074	1315	1 
1074	1347	1 
1075	16	2 
1075	93	2 
1077	214	2 
1077	271	2 
1077	1383	1 
1078	683	1 
1078	910	1 
1078	975	3 
1079	709	1 
1080	183	1 
1081	396	1 
1081	1279	1 
1082	135	1 
1082	1008	2 
1082	1210	2 
1083	355	1 
1083	398	1 
1083	1317	1 
1084	20	1 
1084	144	1 
1084	202	1 
1084	214	1 
1084	482	1 
1084	700	1 
1084	1450	1 
1085	116	1 
1086	599	1 
1086	1247	1 
1087	1076	1 
1087	1271	1 
1088	1160	7 
1088	1196	1 
1089	96	1 
1089	436	1 
1089	469	1 
1089	532	6 
1089	683	1 
1090	20	1 
1090	221	4 
1091	18	1 
1091	379	1 
1091	904	1 
1091	1035	2 
1093	282	1 
1093	918	1 
1094	19	1 
1094	681	2 
1094	736	1 
1095	195	2 
1095	326	1 
1095	462	1 
1095	619	1 
1095	1132	1 
1096	324	1 
1096	578	1 
1096	678	2 
1096	724	1 
1096	907	1 
1097	7	1 
1097	17	1 
1097	353	1 
1098	76	1 
1099	92	1 
1099	202	9 
1099	307	1 
1099	672	2 
1100	9	1 
1100	324	5 
1100	541	1 
1100	1139	1 
1101	20	2 
1101	235	3 
1102	264	3 
1102	1423	1 
1103	280	1 
1103	541	1 
1103	728	1 
1103	831	1 
1103	1081	1 
1103	1175	1 
1105	415	1 
1105	955	1 
1107	51	1 
1107	183	1 
1107	271	1 
1107	341	1 
1107	1163	2 
1108	14	2 
1108	96	1 
1108	1080	1 
1109	228	1 
1109	363	1 
1109	749	1 
1111	63	1 
1111	898	1 
1111	968	1 
1111	1377	1 
1112	370	8 
1112	683	1 
1112	1271	1 
1113	8	1 
1113	875	1 
1113	1154	1 
1114	42	2 
1114	379	1 
1114	1248	1 
1115	470	1 
1115	1287	1 
1116	5	8 
1116	20	1 
1116	31	1 
1116	339	1 
1116	344	1 
1116	892	1 
1118	148	1 
1118	1247	1 
1118	1260	1 
1120	1098	6 
1120	1241	1 
1121	20	2 
1121	116	1 
1122	30	1 
1123	19	1 
1123	272	1 
1123	548	1 
1124	71	1 
1125	5	1 
1125	1351	1 
1126	111	1 
1126	375	1 
1126	459	2 
1126	801	1 
1127	8	1 
1127	827	1 
1127	917	1 
1128	1025	1 
1128	1245	1 
1129	135	1 
1129	1152	1 
1130	170	1 
1130	570	1 
1130	1072	1 
1131	339	3 
1131	621	1 
1131	1186	5 
1132	27	1 
1132	599	1 
1132	602	1 
1132	911	1 
1132	1091	1 
1132	1271	1 
1134	874	1 
1134	1158	1 
1136	206	2 
1136	225	1 
1136	353	1 
1136	406	1 
1136	476	1 
1136	509	1 
1136	653	2 
1136	1105	1 
1136	1209	1 
1137	1222	1 
1137	1336	1 
1138	798	1 
1139	251	1 
1139	1152	1 
1140	93	2 
1140	786	1 
1140	1205	1 
1141	540	1 
1142	514	3 
1142	725	1 
1142	782	1 
1143	139	1 
1143	1247	1 
1144	880	1 
1145	92	1 
1145	388	2 
1145	582	1 
1145	855	2 
1145	1088	1 
1145	1168	1 
1146	522	1 
1147	754	1 
1147	1342	1 
1148	212	1 
1148	344	1 
1149	729	1 
1149	947	1 
1149	1001	2 
1150	59	1 
1150	514	1 
1151	427	1 
1151	683	3 
1151	875	2 
1151	1247	1 
1152	433	1 
1152	592	3 
1153	12	3 
1153	504	2 
1154	695	1 
1155	253	3 
1155	587	1 
1155	601	2 
1155	795	1 
1155	948	1 
1156	76	1 
1156	157	1 
1157	778	1 
1157	1028	2 
1157	1137	1 
1157	1282	6 
1157	1412	1 
1158	252	1 
1158	569	1 
1159	337	1 
1159	357	1 
1160	16	1 
1160	194	1 
1160	410	1 
1160	816	1 
1160	1048	1 
1161	218	2 
1161	384	1 
1162	270	1 
1162	296	1 
1162	461	1 
1163	3	1 
1163	131	1 
1163	224	1 
1163	424	29 
1164	1335	1 
1165	471	3 
1165	1293	1 
1166	19	3 
1166	537	1 
1167	761	1 
1168	417	1 
1168	987	1 
1168	1318	1 
1169	375	1 
1169	1044	1 
1170	233	1 
1170	802	2 
1170	1140	1 
1170	1457	1 
1171	550	1 
1172	5	1 
1172	177	2 
1172	280	1 
1173	285	1 
1173	537	1 
1173	975	2 
1175	652	1 
1176	88	1 
1176	481	1 
1176	799	1 
1177	56	1 
1178	83	1 
1178	135	1 
1178	845	2 
1180	387	2 
1180	782	2 
1180	850	1 
1180	855	1 
1180	1014	1 
1182	71	3 
1182	324	1 
1182	533	1 
1182	658	1 
1182	1434	1 
1183	163	1 
1183	1455	1 
1184	263	1 
1185	174	1 
1185	199	1 
1185	569	1 
1185	681	5 
1185	1243	6 
1185	1248	1 
1185	1283	3 
1186	135	2 
1186	177	1 
1186	218	1 
1186	810	1 
1187	79	1 
1187	719	1 
1189	111	2 
1189	569	34 
1189	1010	1 
1190	279	1 
1190	363	2 
1190	522	1 
1192	116	5 
1192	1056	2 
1192	1282	1 
1192	1338	1 
1193	820	2 
1194	989	1 
1194	1063	1 
1195	214	1 
1195	516	2 
1195	895	1 
1195	1050	1 
1195	1086	2 
1196	202	2 
1196	599	6 
1196	800	1 
1196	1103	1 
1197	998	1 
1198	59	1 
1198	251	1 
1198	332	1 
1199	16	2 
1199	20	2 
1199	607	1 
1200	769	1 
1201	39	1 
1201	318	1 
1201	1119	1 
1202	686	1 
1204	339	1 
1205	47	1 
1205	246	2 
1206	234	1 
1206	470	1 
1206	1144	1 
1207	15	1 
1209	135	1 
1209	181	1 
1209	1122	1 
1211	476	1 
1211	569	1 
1212	157	1 
1212	1041	1 
1214	62	1 
1214	191	4 
1214	750	1 
1214	929	1 
1216	303	1 
1217	337	1 
1218	17	1 
1218	191	2 
1218	237	1 
1218	292	1 
1218	706	1 
1218	1281	1 
1219	496	1 
1220	19	1 
1220	108	1 
1221	84	1 
1221	794	4 
1222	425	1 
1222	576	1 
1223	292	2 
1223	1356	1 
1223	1373	1 
1224	908	1 
1225	62	6 
1225	639	1 
1225	706	1 
1226	110	1 
1226	799	2 
1226	844	1 
1227	5	1 
1227	18	2 
1227	85	1 
1227	722	1 
1227	1177	2 
1227	1231	1 
1228	93	1 
1228	387	1 
1228	675	1 
1228	1174	1 
1229	16	1 
1229	110	1 
1229	846	1 
1229	885	2 
1229	954	1 
1230	20	2 
1230	231	1 
1230	1157	1 
1230	1263	1 
1231	703	1 
1232	94	1 
1232	197	1 
1232	515	1 
1234	469	1 
1235	372	1 
1235	1083	33 
1235	1096	17 
1235	1149	1 
1236	571	1 
1236	913	2 
1237	450	1 
1238	16	3 
1238	1093	1 
1239	116	1 
1239	335	1 
1239	569	1 
1240	62	1 
1241	93	1 
1241	863	1 
1242	394	1 
1242	668	1 
1242	1324	1 
1243	127	3 
1243	698	1 
1243	1067	1 
1243	1169	1 
1244	135	1 
1245	157	4 
1245	767	1 
1246	397	2 
1246	497	1 
1246	516	1 
1246	733	1 
1248	169	1 
1248	268	1 
1248	491	1 
1249	83	1 
1249	292	1 
1250	83	1 
1250	374	2 
1250	829	1 
1250	913	2 
1250	1158	2 
1251	67	1 
1251	347	2 
1251	417	1 
1251	845	10 
1251	989	1 
1251	1042	1 
1251	1097	1 
1251	1100	2 
1252	253	1 
1252	571	1 
1252	576	2 
1253	406	2 
1253	476	1 
1254	621	3 
1255	1114	2 
1255	1168	1 
1255	1256	1 
1256	20	3 
1256	123	1 
1257	195	8 
1257	794	1 
1257	1118	1 
1257	1290	1 
1258	439	1 
1259	20	1 
1259	683	1 
1259	1045	3 
1260	2	1 
1260	62	2 
1260	317	2 
1262	62	1 
1262	160	1 
1263	128	2 
1263	592	1 
1264	352	1 
1264	479	1 
1265	191	1 
1265	248	1 
1265	1312	2 
1266	2	1 
1266	858	1 
1267	1120	1 
1268	18	1 
1268	404	1 
1268	610	1 
1268	811	1 
1268	857	3 
1268	1053	1 
1268	1300	1 
1268	1307	4 
1268	1327	1 
1268	1393	1 
1270	890	2 
1271	2	2 
1271	55	1 
1271	174	1 
1271	363	2 
1271	552	1 
1274	253	1 
1274	403	1 
1274	446	1 
1274	589	1 
1274	1023	1 
1274	1049	2 
1274	1079	1 
1274	1202	1 
1275	116	1 
1275	135	1 
1276	185	1 
1276	202	1 
1276	559	1 
1277	18	1 
1277	363	1 
1277	421	1 
1278	110	2 
1278	214	1 
1278	1428	2 
1279	116	2 
1279	1098	1 
1280	2	1 
1280	803	1 
1281	116	6 
1281	218	14 
1281	363	1 
1281	1294	1 
1282	148	1 
1282	490	1 
1282	570	1 
1283	52	1 
1283	261	1 
1283	485	1 
1283	1088	1 
1284	205	2 
1284	875	1 
1285	345	1 
1285	1270	1 
1285	1307	2 
1286	16	1 
1287	110	1 
1287	997	1 
1287	1090	1 
1288	387	2 
1288	890	1 
1289	83	2 
1289	830	1 
1290	10	1 
1290	370	4 
1290	482	1 
1290	1406	1 
1291	1157	1 
1292	5	2 
1292	406	1 
1293	81	1 
1293	218	1 
1293	1081	1 
1294	72	1 
1294	202	1 
1294	1242	1 
1294	1267	1 
1295	20	2 
1295	266	1 
1295	1085	6 
1296	139	1 
1296	387	1 
1296	404	1 
1297	121	1 
1297	159	1 
1297	1003	1 
1298	180	2 
1298	783	1 
1298	967	1 
1298	980	2 
1299	181	1 
1300	388	2 
1300	972	1 
1301	62	1 
1302	16	2 
1302	1300	1 
1303	614	2 
1303	906	1 
1304	695	1 
1304	1270	1 
1305	12	1 
1305	777	4 
1305	1247	1 
1306	836	2 
1307	5	1 
1307	83	1 
1307	181	1 
1307	446	1 
1307	804	1 
1307	991	1 
1308	600	1 
1309	214	3 
1310	130	1 
1310	292	1 
1310	539	1 
1311	106	1 
1311	575	1 
1311	1011	1 
1313	20	1 
1313	30	1 
1313	133	1 
1313	177	1 
1313	258	1 
1313	290	1 
1313	604	4 
1313	1181	1 
1313	1433	1 
1314	985	1 
1315	352	1 
1315	482	1 
1315	485	2 
1315	1000	1 
1317	251	2 
1317	415	1 
1318	34	2 
1318	262	1 
1319	5	1 
1319	1175	1 
1319	1367	1 
1320	535	1 
1320	822	1 
1320	1017	1 
1320	1182	1 
1322	214	1 
1323	2	5 
1323	93	13 
1323	94	1 
1323	599	1 
1323	681	1 
1323	892	3 
1323	1064	1 
1324	232	1 
1324	829	23 
1325	135	1 
1325	1086	1 
1326	337	1 
1326	469	1 
1326	778	1 
1326	807	2 
1326	924	1 
1326	1028	1 
1326	1040	3 
1326	1369	1 
1327	18	1 
1327	363	1 
1328	17	2 
1329	1223	1 
1329	1383	1 
1330	116	1 
1330	999	1 
1331	194	1 
1332	170	1 
1332	732	1 
1333	121	1 
1334	528	1 
1335	59	1 
1336	627	1 
1336	648	1 
1336	880	1 
1336	1390	1 
1337	330	1 
1337	954	1 
1338	243	1 
1338	768	1 
1339	806	2 
1339	895	1 
1340	895	1 
1340	1074	1 
1340	1453	1 
1342	509	1 
1342	1101	1 
1343	292	1 
1343	805	1 
1344	116	1 
1344	1396	1 
1345	135	6 
1345	357	1 
1345	539	1 
1345	599	1 
1345	640	1 
1347	79	1 
1347	400	1 
1347	1260	1 
1348	177	1 
1348	353	1 
1348	480	2 
1348	646	1 
1348	1006	1 
1348	1014	1 
1349	798	1 
1350	74	1 
1350	470	1 
1351	475	1 
1352	19	1 
1352	94	1 
1352	781	1 
1352	1110	1 
1352	1158	1 
1353	1219	1 
1354	3	1 
1354	18	1 
1354	20	1 
1354	30	1 
1354	93	1 
1354	1105	1 
1355	129	1 
1355	985	1 
1356	512	6 
1356	1181	1 
1357	177	1 
1357	1300	1 
1358	397	1 
1360	202	1 
1361	349	1 
1361	522	1 
1361	836	1 
1361	967	1 
1361	1424	1 
1362	1065	1 
1363	625	1 
1364	406	1 
1364	596	1 
1366	1027	2 
1366	1066	1 
1366	1124	1 
1366	1194	1 
1368	139	1 
1368	1253	1 
1369	12	1 
1370	19	1 
1370	732	2 
1371	1132	2 
1372	20	3 
1372	727	1 
1372	920	1 
1374	116	4 
1374	264	3 
1376	372	1 
1376	1080	1 
1377	574	1 
1378	1296	1 
1379	1002	1 
1379	1089	1 
1379	1300	1 
1380	639	12 
1380	656	1 
1380	764	12 
1380	1043	1 
1381	911	1 
1382	16	2 
1383	486	1 
1383	592	1 
1384	1	1 
1384	22	1 
1384	601	1 
1385	20	4 
1385	40	1 
1385	514	1 
1385	1430	1 
1386	131	1 
1386	1294	1 
1387	365	1 
1387	459	3 
1387	589	1 
1388	248	3 
1388	672	6 
1388	848	1 
1389	346	2 
1389	707	1 
1389	1252	1 
1390	301	1 
1391	839	1 
1391	1099	1 
1392	135	5 
1392	413	1 
1392	732	4 
1393	10	3 
1393	186	1 
1393	454	1 
1393	975	2 
1394	5	2 
1394	16	5 
1395	733	1 
1396	238	1 
1396	322	1 
1396	449	1 
1396	840	1 
1396	1055	1 
1397	18	2 
1397	320	1 
1397	438	1 
1398	54	1 
1398	92	1 
1399	279	1 
1399	698	1 
1399	771	1 
1399	916	1 
1399	1128	2 
1399	1264	1 
1400	1162	1 
1401	243	1 
1402	79	1 
1402	148	1 
1402	280	1 
1402	717	2 
1402	1268	2 
1403	801	2 
1403	1300	1 
1404	745	1 
1405	800	1 
1405	1445	1 
1406	453	1 
1406	929	1 
1407	471	1 
1407	588	5 
1407	852	1 
1408	647	1 
1409	1156	4 
1410	504	1 
1411	557	1 
1412	20	1 
1412	224	1 
1412	831	3 
1413	111	1 
1413	292	1 
1413	340	1 
1413	666	1 
1414	181	1 
1414	298	1 
1415	214	1 
1415	1439	2 
1416	749	8 
1416	883	27 
1416	1092	1 
1416	1189	1 
1417	20	1 
1417	214	1 
1417	257	1 
1417	1009	1 
1418	250	1 
1419	9	1 
1419	34	1 
1419	266	1 
1420	135	1 
1420	459	3 
1420	462	3 
1420	886	1 
1420	905	1 
1421	666	1 
1422	59	6 
1422	469	1 
1422	1063	4 
1423	306	2 
1424	271	1 
1424	997	1 
1425	1444	1 
1426	1183	1 
1427	133	1 
1427	325	1 
1427	525	1 
1427	893	1 
1427	912	1 
1427	1074	1 
1427	1306	1 
1428	202	3 
1428	892	1 
1428	1298	1 
1429	264	1 
1429	755	2 
1431	92	2 
1431	738	1 
1432	287	1 
1432	577	1 
1432	969	1 
1432	1176	1 
1433	379	1 
1433	651	1 
1433	1448	1 
1434	1308	1 
1436	20	6 
1436	24	1 
1436	116	22 
1436	362	1 
1436	468	1 
1436	827	1 
1436	891	1 
1436	966	1 
1437	656	6 
1437	941	1 
1440	303	1 
1440	728	1 
1441	4	1 
1441	275	1 
1442	438	1 
1442	489	1 
1442	1104	1 
1443	533	1 
1443	826	1 
1444	62	6 
1444	470	1 
1445	80	1 
1446	555	1 
1447	62	2 
1447	1246	1 
1448	109	1 
1450	498	1 
1450	776	1 
1451	26	1 
1451	303	1 
1451	703	1 
1451	742	1 
1451	1313	1 
1452	414	1 
1452	496	1 
1452	718	1 
1453	4	2 
1453	181	1 
1453	814	1 
1453	871	1 
1453	1125	1 
1453	1168	1 
1453	1304	1 
1455	157	1 
1455	647	1 
1455	1182	1 
1455	1394	1 
1456	363	1 
1456	534	1 
1456	554	1 
1456	658	1 
1458	997	1 
1459	469	1 
1460	198	1 
1460	727	1 
1462	3	1 
1462	357	3 
1462	522	1 
1463	133	1 
1463	469	1 
1463	504	1 
1463	736	1 
1464	1327	2 
1465	292	1 
1466	619	1 
1466	804	3 
1466	1197	1 
1467	277	1 
1467	598	2 
1467	820	1 
1467	880	18 
1469	328	2 
1470	38	1 
1470	317	2 
1471	139	3 
1471	186	1 
1471	732	1 
1472	15	2 
1472	258	1 
1472	528	1 
1472	847	3 
1472	1047	1 
1472	1240	1 
1473	136	1 
1473	153	1 
1473	202	1 
1474	177	3 
1475	116	1 
1475	1423	1 
1476	422	1 
1476	1016	1 
1476	1162	1 
1476	1274	1 
1477	62	2 
1477	202	1 
1477	726	1 
1478	51	1 
1478	339	1 
1478	962	1 
1478	1041	1 
1479	739	1 
1480	62	1 
1480	83	1 
1481	194	1 
1481	572	1 
1481	690	6 
1481	692	1 
1481	842	1 
1482	93	72 
1482	1177	2 
1483	253	1 
1485	20	2 
1486	863	1 
1486	1013	1 
1487	116	1 
1487	214	1 
1488	20	1 
1488	219	2 
1488	384	2 
1488	1083	2 
1488	1191	2 
1488	1313	1 
1489	970	1 
1490	27	1 
1490	234	1 
1490	853	1 
1491	127	2 
1491	137	1 
1492	5	1 
1492	444	1 
1493	168	1 
1493	1123	1 
1494	270	1 
1494	458	1 
1495	642	1 
1496	132	1 
1497	20	4 
1497	235	1 
1497	329	1 
1497	1337	2 
1499	886	2 
1499	1358	2 
1500	253	6 
1500	991	2 
1501	90	1 
1501	507	1 
1501	939	1 
1502	339	1 
1502	649	1 
1502	932	1 
1502	991	1 
1502	1377	1 
1503	83	1 
1505	777	2 
1505	1192	1 
1506	178	2 
1506	321	1 
1506	666	1 
1506	1060	2 
1507	148	1 
1507	203	1 
1508	383	1 
1509	181	2 
1509	446	1 
1510	334	1 
1510	683	1 
1511	680	1 
1513	712	1 
1513	1350	1 
1514	135	2 
1514	271	1 
1514	592	1 
1515	217	1 
1515	257	1 
1515	470	1 
1515	865	1 
1515	1260	1 
1516	106	1 
1516	1177	1 
1518	240	3 
1519	1038	1 
1520	545	1 
1520	766	1 
1521	20	1 
1521	223	1 
1521	370	1 
1521	710	1 
1522	41	1 
1523	1160	1 
1524	1074	1 
1524	1083	1 
1524	1259	1 
1525	703	1 
1525	1276	1 
1526	5	1 
1526	735	1 
1527	202	1 
1527	522	1 
1528	4	1 
1528	370	1 
1528	511	2 
1528	585	1 
1528	594	1 
1529	422	1 
1529	676	1 
1529	1265	1 
1530	90	1 
1530	770	1 
1530	826	1 
1531	26	2 
1532	803	2 
1532	950	1 
1532	1234	1 
1533	122	2 
1533	176	1 
1533	522	1 
1534	646	1 
1534	667	1 
1534	798	1 
1535	20	1 
1535	181	2 
1535	305	3 
1535	726	5 
1536	83	1 
1536	93	1 
1536	344	1 
1537	15	1 
1538	604	1 
1539	257	1 
1540	253	1 
1540	622	1 
1540	880	1 
1540	1109	4 
1540	1156	1 
1541	194	10 
1541	459	2 
1541	1152	2 
1541	1234	1 
1542	16	9 
1542	148	1 
1542	351	1 
1542	946	1 
1543	5	1 
1543	116	1 
1544	951	2 
1545	8	1 
1545	49	1 
1545	496	1 
1546	135	1 
1546	363	3 
1546	515	1 
1547	443	2 
1547	459	1 
1548	116	1 
1548	853	1 
1549	183	1 
1550	722	1 
1550	939	2 
1551	253	1 
1552	726	2 
1552	794	1 
1553	399	1 
1554	181	2 
1555	19	5 
1556	357	1 
1557	166	1 
1557	214	1 
1557	328	1 
1558	308	1 
1558	1293	1 
1559	38	2 
1559	116	2 
1560	1	1 
1560	425	1 
1561	230	1 
1561	960	1 
1562	444	1 
1562	1197	1 
1562	1385	1 
1563	716	1 
1565	138	1 
1565	280	1 
1565	1058	1 
1565	1242	2 
1566	160	1 
1566	439	1 
1566	446	2 
1566	517	1 
1566	628	2 
1566	759	4 
1566	1077	1 
1566	1247	1 
1567	93	1 
1567	311	1 
1567	1164	1 
