851
1779
932
1261
1210
488
1609
847
948
681
1622
910
883
96
867
915
647
1030
1473
1243
1088
389
895
1196
1371
1628
504
1163
1785
179
341
365
387
1007
1090
543
648
1749
629
785
1173
1322
1607
732
643
137
705
205
153
668
119
176
1382
1481
240
449
479
58
413
562
1192
227
834
1057
1511
861
1314
1348
1085
1352
1555
623
1436
86
268
541
1031
1147
1211
194
360
781
1272
1289
440
549
295
374
848
913
1547
315
344
606
1226
178
965
1045
1056
486
690
40
451
780
1046
1207
1412
63
71
115
120
162
377
444
499
665
768
944
1167
1512
1559
1643
55
859
1066
1281
1422
11
836
1258
1484
751
116
206
306
373
520
547
586
916
1245
114
508
613
922
1032
1050
1271
349
575
918
177
196
736
760
825
830
1135
1283
1513
1670
94
271
551
574
631
796
827
975
1039
1231
1524
1603
607
762
808
879
885
1073
669
393
414
1093
54
88
237
435
637
672
756
1006
1009
1150
1159
1367
134
214
299
1302
1600
1668
582
617
967
1287
1626
1689
745
89
989
1658
489
558
667
816
110
183
470
591
775
795
207
316
560
573
1241
10
1224
34
70
108
274
364
459
492
625
832
853
963
1042
1103
1136
1312
1338
1372
1393
1565
540
143
527
738
901
1306
230
381
430
526
1084
1138
1627
30
47
276
638
673
926
296
462
501
521
1023
1154
1155
856
929
436
580
1509
50
250
484
542
855
911
1033
1186
1428
1486
135
151
764
1215
1233
1332
1001
1152
342
398
426
1238
1358
1416
1426
155
172
254
348
434
531
679
755
870
878
1518
165
184
262
852
991
1092
1439
1636
202
226
845
1052
1113
1172
1408
1457
385
713
968
1587
782
319
404
464
533
605
661
695
1015
1027
1127
1433
1564
1653
1688
331
231
757
1067
1268
1718
324
618
652
1320
