1342
1369
1469
1655
213
372
505
565
670
981
1205
1347
1499
1667
368
472
514
777
927
1608
429
1228
33
174
222
425
753
811
889
899
1275
1350
24
36
438
1126
1284
2
448
1014
1109
1276
1537
149
516
844
1157
12
336
545
1005
193
272
597
877
890
1054
1171
1363
1399
16
140
420
557
610
903
1047
1116
1151
1391
346
502
972
1191
1303
1483
101
1748
507
675
1012
1145
1300
1488
496
724
858
900
1177
767
934
1193
1386
126
127
553
635
685
837
888
1022
1137
1480
1542
266
308
585
608
646
694
801
75
84
91
154
204
242
290
309
405
415
524
554
622
708
719
730
765
812
865
904
908
971
1059
1074
1075
1101
1140
1181
1230
1255
1333
1417
1461
1508
1532
1539
1606
1623
1663
1674
1693
1711
1740
351
564
1582
164
352
686
704
797
1232
1420
1471
20
32
445
579
984
1024
1441
312
581
662
742
862
1004
1188
1549
1660
239
576
818
925
1098
1120
1259
1323
1438
1612
81
942
955
1164
1396
1746
1239
104
123
338
432
658
1080
1265
1504
142
265
419
441
477
546
709
880
931
1631
1651
267
408
701
821
1198
1293
1413
291
38
67
166
711
820
1244
269
1521
186
261
302
314
384
460
550
614
717
806
1148
1305
1404
1503
1543
1702
281
339
714
766
790
1013
1495
139
875
1529
1695
72
347
525
823
954
1220
1234
1455
1567
519
77
136
141
363
600
807
897
1153
1222
1278
1424
1520
1578
1597
8
112
534
982
1099
1273
1334
1361
568
677
838
1124
1277
1634
1722
627
22
103
122
357
443
571
644
979
1058
1068
1131
1189
1291
1296
288
304
361
465
649
655
697
1041
1456
1462
1
256
450
491
536
962
1253
1726
1336
1682
27
200
203
599
612
650
770
996
1185
1325
1394
1527
41
159
251
279
366
370
421
453
463
552
620
656
715
810
817
891
1102
1117
1130
1149
1266
1298
1468
1692
43
59
117
498
522
784
1107
60
61
128
223
270
569
814
1400
1497
1548
789
802
1330
1454
132
422
424
1601
69
386
457
611
615
688
246
939
986
1160
1184
1213
1227
1313
1523
1533
168
330
513
537
993
1321
1349
529
799
906
1182
1427
1656
1730
1733
76
456
773
1079
1571
209
293
663
689
914
1017
1199
1249
107
124
255
280
284
289
390
395
509
512
741
771
831
857
1036
1063
1225
1301
1398
1494
1640
1671
1787
85
286
739
978
1248
1365
1377
1390
1510
1625
1629
601
726
804
876
1464
1685
749
220
532
716
860
921
1212
1463
1490
323
528
592
659
1064
26
466
530
800
1125
1132
1558
92
175
325
367
469
671
676
712
725
772
798
920
990
1095
1133
1535
1672
1795
5
245
603
786
1061
1078
1083
1194
1218
1452
1515
1760
578
654
698
734
1129
1531
53
188
328
452
471
722
936
1106
1295
1324
249
500
588
841
943
1060
1174
1585
1637
1392
311
375
596
731
863
1146
1753
258
510
21
68
907
994
1035
1329
1705
1709
147
190
221
343
376
506
727
1025
1040
1053
1339
1423
1442
1647
121
171
224
300
391
447
833
871
881
912
1048
1077
1142
1319
1351
1415
1728
1786
819
1260
192
199
264
345
433
590
664
702
728
769
997
1114
1263
1354
1384
1758
388
493
778
866
1051
1118
1588
1595
1725
868
1262
1374
1642
1717
98
783
898
956
959
1091
1115
1381
1444
1498
1657
211
292
305
321
333
485
1328
1359
7
182
247
329
824
1297
1572
1624
383
1216
1613
42
474
653
759
933
1501
1566
257
946
37
105
145
259
287
294
476
495
538
556
583
628
687
710
735
752
829
842
850
854
864
930
940
947
952
970
999
1000
1003
1028
1076
1105
1144
1165
1176
1183
1197
1217
1219
1236
1240
1247
1251
1257
1269
1280
1304
1311
1316
1317
1335
1337
1340
1344
1357
1366
1373
1448
1449
1466
1505
1528
1541
1552
1573
1575
1594
1611
1646
1650
1678
1684
1714
1724
1729
1769
1776
1792
1794
813
57
156
953
129
218
455
475
1664
303
353
442
718
1292
1761
195
369
399
917
1368
1465
1522
29
80
241
310
1659
93
169
380
494
1108
1161
1355
1593
1621
1698
28
150
478
1029
1156
1375
1550
48
78
334
468
539
645
720
950
1072
1308
1406
1434
1472
1496
1774
1713
409
949
1256
1326
1545
322
983
1069
1121
82
238
482
985
1158
1162
1536
1720
1765
1783
4
379
490
809
1546
173
263
298
412
609
630
1143
1294
1343
1619
64
243
826
1021
1175
1286
1405
1430
1632
187
219
252
626
1086
1203
1206
1279
1525
1598
1716
1752
1763
1777
563
1507
15
17
144
402
873
919
1141
1200
1267
1467
1590
1635
52
327
843
882
1556
14
23
216
283
318
356
595
684
692
721
746
779
788
791
1002
1229
1479
1574
1591
1662
1697
1739
1793
198
66
97
157
180
217
410
567
1204
1477
133
454
896
909
1044
1168
1310
1562
1583
1592
18
130
515
696
707
754
840
1223
1345
1617
1727
49
559
636
1202
25
62
228
260
973
1096
1112
1170
1341
1362
1397
1403
1474
1538
1648
1679
1696
44
158
106
313
517
680
748
1492
1493
100
118
362
503
641
961
1418
1419
1447
1633
431
1264
185
332
354
624
886
1070
1123
1282
1353
1475
1644
1732
411
467
473
73
651
703
1071
1081
79
225
350
555
905
992
1208
1437
1530
1580
210
570
594
805
1356
13
56
83
113
138
163
335
355
382
481
587
589
598
691
747
935
1018
1037
1055
1288
1307
1458
1602
1691
1703
1719
1767
1778
874
548
621
787
977
1285
244
666
693
723
958
1089
1166
1315
1553
1568
90
483
487
518
577
945
1190
1446
1681
229
407
423
683
1180
1376
1414
1460
1517
1534
1584
1706
1770
401
660
1011
1453
1491
1554
1570
1616
1736
51
729
0
9
99
181
285
566
602
1026
1082
1104
1309
1389
1425
1431
1435
1673
1782
1791
6
544
893
1506
1577
511
740
957
1407
1485
1690
95
359
152
236
248
340
480
699
1100
1195
1327
1710
1721
1737
427
964
1169
232
235
307
371
392
593
743
1201
1254
1470
1618
1652
1661
1766
632
65
102
1383
1540
1654
167
275
535
584
616
1410
1596
1686
131
758
998
1110
849
1237
396
1677
125
148
197
201
282
317
400
428
642
774
839
846
884
887
902
924
938
995
1016
1087
1119
1128
1221
1459
1502
1563
1576
1599
1614
1683
1715
1734
1747
1755
1759
1790
74
1514
191
337
397
682
1062
1214
1620
406
633
639
750
822
1049
1630
1701
297
923
960
1019
45
46
19
763
776
1318
1450
1708
358
1178
160
215
273
700
761
1043
1097
1139
1179
1487
1560
1700
461
208
253
561
1411
1500
523
189
439
458
572
674
706
733
894
1134
1252
1557
1589
1605
1680
1750
1784
35
233
828
1432
1604
301
987
1008
1385
1516
1610
1666
1687
1704
1789
604
1235
1429
1519
1751
634
988
1274
146
3
31
326
418
437
446
872
951
969
1270
1360
1370
1380
1387
1395
1445
1482
1639
1741
1744
1762
277
657
1402
737
980
1745
111
320
161
212
378
403
1401
1699
1712
170
1723
792
793
976
1038
1379
1526
1780
39
1409
803
1242
1331
416
497
619
744
941
1010
1065
1187
1209
1290
1299
1346
1443
1476
1544
1731
1738
1754
1757
1764
1388
1615
937
1020
1246
1569
1735
1742
1586
1707
869
966
1676
1772
1551
87
234
1378
1771
1478
1034
1581
1669
1788
1768
278
678
1111
1250
1364
1440
1579
1638
1641
794
892
1649
1665
1675
1421
1489
1756
1694
1781
1451
417
928
109
394
640
815
835
974
1094
1122
1561
1645
1743
1773
1775
1796
