211
256
14
448
376
254
631
379
384
516
1376
157
342
205
621
397
744
181
43
348
652
100
518
392
462
269
323
419
408
536
696
1078
363
89
593
1063
272
356
718
687
1116
136
70
477
944
691
1437
858
245
1610
344
958
799
757
1011
530
1732
105
64
391
299
301
60
1040
776
1083
1640
389
1676
991
955
797
860
407
341
605
1270
310
1147
961
514
642
1563
959
317
1001
580
1552
137
622
86
1074
172
418
847
1533
1173
699
201
230
277
557
322
187
297
1020
1780
918
1120
735
851
506
1429
897
1906
874
161
1204
429
992
451
587
216
1515
779
823
313
353
579
611
236
905
449
926
19
756
1489
1017
174
350
240
274
360
186
1095
1136
320
716
498
1075
1168
2320
469
619
1110
1111
596
333
881
1495
1043
233
1139
1951
865
1004
1417
917
1209
489
1025
300
639
1349
614
1477
206
1859
664
753
58
452
1126
1934
1714
366
107
114
2146
1707
1143
1322
190
996
2344
804
318
164
1162
324
1407
1701
1395
2353
643
809
1911
728
1244
490
1636
312
931
188
922
1483
604
314
956
243
879
6
1319
942
80
2032
522
1112
191
1206
1295
290
1057
1171
1293
456
669
2227
22
113
50
568
759
1397
1973
1433
690
915
87
1220
995
1421
1509
562
110
210
2071
679
40
994
295
431
731
468
1521
802
171
597
128
131
1224
1212
1959
247
1405
1866
1098
1845
42
710
1008
723
92
250
346
1898
1592
541
1736
1273
484
383
227
251
598
401
548
1381
1305
260
393
646
410
93
752
358
2100
258
263
1919
1942
1404
483
577
689
11
525
1685
927
1424
378
2252
153
535
1634
281
504
678
945
246
1457
1664
160
641
1118
2001
59
444
1967
560
1187
179
198
668
1331
203
1719
1384
398
1290
1972
684
2022
796
1108
523
1476
1491
1458
551
162
275
367
450
65
116
1178
125
534
1359
388
1389
2138
225
818
385
76
1267
1526
1783
41
57
103
762
793
32
466
900
932
1492
115
930
1821
556
2520
195
592
1012
39
707
910
1743
478
1400
1941
2235
1738
467
1739
2261
726
2395
485
121
644
2197
543
158
330
725
265
829
476
947
1122
1716
777
1392
1660
416
453
1010
1551
165
640
316
339
811
1756
422
566
1835
2299
399
12
473
1504
1722
2014
2104
503
2210
66
315
537
2266
390
2058
88
984
167
209
885
1060
1399
1562
1251
2238
1667
1238
1665
25
1894
973
84
96
674
2161
883
648
1571
2311
142
1036
1557
2178
1029
1353
1691
202
1207
1425
2302
259
1789
1922
1486
1908
739
1924
2284
375
547
873
2370
20
1125
1226
1271
1402
1419
1976
2490
1580
1684
1858
2527
241
1166
1737
208
770
1182
1197
1418
420
808
1262
1473
610
2012
1414
2454
1193
830
