890
925
1696
1003
766
1199
487
737
749
438
940
801
888
135
194
293
493
1659
1706
588
1099
1188
271
2088
1506
371
442
1301
2166
2423
832
1656
2036
488
1032
298
653
677
714
889
1572
2048
2110
491
908
1072
1268
213
235
248
1121
1321
1798
2083
2
1302
1496
663
819
1799
1957
412
2039
2295
1379
2108
2431
2444
1332
2549
732
1886
645
61
212
2493
760
893
311
1339
63
623
584
747
817
1242
1863
761
839
207
403
572
1876
52
1718
1946
754
2057
2076
214
1089
30
382
513
949
1052
1553
1816
1854
2040
308
423
657
1388
1439
1772
8
602
2067
2109
185
309
417
618
682
751
1534
1785
1802
1929
178
288
659
729
1281
1532
1786
2367
2457
2492
47
712
1044
1091
1130
1463
1892
343
505
520
989
1175
1761
1782
1803
2458
149
755
1133
1369
1633
1767
1871
2211
2241
2463
1024
1236
1390
2223
919
1556
2114
35
1023
1569
916
2260
2494
1529
332
1638
497
715
1441
98
1987
794
968
141
1899
471
183
780
981
268
1106
1805
1904
192
287
1265
1459
1996
90
170
291
711
2044
2214
151
327
1117
1232
2233
381
1138
1362
1536
1617
1657
1855
2092
2099
2102
2478
2552
2622
49
439
509
806
840
1109
1335
1907
2294
2461
741
1128
1228
1606
1726
2095
2115
255
351
532
803
2277
2369
2430
2530
2648
5
97
666
1229
1643
1745
2121
2219
27
51
746
786
1478
1662
1800
2226
168
340
345
928
1058
1141
1218
1366
2101
812
871
960
1272
1434
2605
1276
1931
1065
1186
2652
717
2084
1046
130
963
1103
447
1974
962
156
2174
784
1447
1465
1760
73
694
494
941
1826
1928
2203
1253
1698
2366
146
1375
2617
109
502
685
1314
1538
1715
1850
108
1746
395
855
934
1221
1468
139
650
662
906
1346
1646
1932
1933
2025
2642
559
709
1462
1599
2007
184
319
428
1728
1808
1882
1970
2008
2163
2321
2512
280
486
553
1006
1113
1208
1585
1827
2151
2348
16
147
581
745
1198
1308
1320
1329
1357
1394
2193
2250
2351
2421
215
234
630
738
778
1256
1576
2269
224
695
841
1158
1274
1328
1382
1460
1560
1598
1661
1766
2345
2531
37
284
394
656
868
1165
1358
1422
1428
1541
1807
2583
635
816
861
1026
1278
1629
1958
1993
2376
2378
2400
2419
2447
33
821
1583
1708
1939
1998
2002
2604
736
988
1584
625
2172
1298
446
38
2425
226
852
2224
349
1213
1658
2620
1613
163
920
1885
2113
4
352
459
1456
1824
2018
400
507
1266
1956
45
302
673
795
1015
2534
474
629
1157
1261
1263
1591
74
127
1325
1497
1829
357
538
1027
1811
1864
1903
2064
2142
132
828
935
1406
1577
1686
2315
2358
249
377
380
1134
1245
1365
1593
1960
2365
117
337
651
904
923
1343
2147
173
294
626
791
977
1035
1169
1296
1923
2097
2213
2265
2292
10
697
844
848
1142
1297
1673
1713
1735
1920
2005
2459
159
430
590
1216
1310
1619
1663
1682
1825
2038
2282
2474
2506
2601
2643
2654
2664
1039
1438
1451
2122
2471
2553
2632
2638
1336
1482
1530
1652
2155
698
1264
1582
1936
1963
2026
2300
359
655
952
1703
221
1222
427
81
3
150
177
1857
1119
368
1315
1337
1781
1163
1471
1539
1565
1333
1758
2232
1363
18
413
564
2326
95
1132
1559
2312
2544
613
1621
2303
2415
2455
72
140
822
1102
2318
2336
2507
338
748
764
1287
1620
1731
2052
2438
106
307
372
733
1022
1347
1512
1575
1790
1792
1838
1964
654
1070
1260
1508
1820
1915
1940
2119
2476
2514
660
688
769
964
1202
1614
1846
2157
166
404
457
612
1051
1282
1479
1498
1642
1969
2271
2335
2355
2440
2522
143
253
524
734
814
872
924
1160
1443
1607
1626
1677
1720
1763
1865
2218
2267
2308
2406
85
148
239
481
554
938
969
1239
1505
1704
1788
1804
1870
1978
2133
2145
2225
2245
2283
2375
0
99
364
680
1146
1203
1383
1635
1645
1672
1834
1948
2139
2399
2451
475
1014
1067
1081
1153
1367
1485
1679
1683
1778
1823
1873
2042
2066
2322
2328
2357
56
441
800
833
887
898
974
1423
1558
1568
1590
1893
1971
2171
2368
2416
2603
2635
1303
1408
1426
1655
1750
2130
2390
2405
2546
440
482
1448
2577
1513
1600
17
1191
1124
1605
94
574
1874
2027
1624
1695
2127
2280
2484
411
1774
7
948
1038
1981
2418
2633
1233
1304
1420
1561
1830
2434
1234
1461
1918
2231
2237
2393
182
279
370
515
1269
1564
1586
1905
229
701
740
774
967
999
1053
1151
1313
1427
1544
1637
1883
2191
2202
2640
820
846
976
1016
1155
1192
1771
1844
1926
26
328
354
355
435
616
633
783
857
929
953
1127
1277
1307
1316
1518
1604
1666
1724
1938
1986
2063
2077
2118
2204
2342
2505
2545
55
433
787
921
1066
1129
1149
1355
1787
2413
2468
2524
154
237
443
632
686
827
965
1077
1230
1283
1306
1348
1351
1432
1574
1678
1680
1847
1878
2009
2257
2268
2275
2334
2354
2396
2485
2498
2637
62
703
708
771
866
1076
1097
1144
1409
1454
1501
1537
1648
2123
2136
2293
2403
2469
2533
112
152
432
713
719
899
911
983
1214
1481
1687
1711
1775
1916
1994
2000
2080
2144
2173
2331
2411
2561
2626
2653
2663
414
529
569
979
1164
1167
1378
1391
1431
1435
1510
1608
1712
1819
1890
1955
2004
2072
2148
2149
2497
2513
2587
676
758
895
902
1064
1145
1300
1371
1373
1398
1487
1639
1744
1810
1815
1889
2086
2184
2332
2407
2420
2437
2672
262
264
369
667
850
957
1107
1177
1323
1360
1466
1777
2169
2285
2304
2327
133
853
878
1535
1773
2060
2150
2167
2187
2192
2426
2556
2602
1602
2248
2600
1930
220
834
782
1503
83
700
950
863
480
1632
75
470
978
31
675
1618
1954
1992
238
563
997
1105
1324
1436
1725
2029
573
576
975
1280
1762
2134
2380
454
1734
1995
2061
2181
252
595
849
862
1616
2019
2107
2153
2217
2316
2362
2542
175
276
285
365
437
501
763
772
903
1069
1470
1984
2124
2180
289
426
463
589
681
789
807
835
1050
1413
1525
1945
2031
2069
2165
2558
71
138
145
261
859
884
914
939
1056
1071
1148
1215
1361
1386
1490
1502
1839
1841
1852
1997
1999
2030
2131
2141
2297
2525
2578
82
129
326
436
455
492
990
1005
1150
1196
1350
1430
1523
1699
1748
1770
2045
2074
2156
2221
2650
218
402
409
415
527
552
578
600
683
724
765
1021
1059
1156
1240
1387
1396
1507
1588
1693
1755
1836
1909
2003
2006
2394
2488
2515
2608
169
204
637
792
1055
1254
1340
1368
1472
1524
1549
1596
1814
1927
1949
2105
2154
2254
2330
2470
2481
2501
2571
2575
2584
2612
2668
189
571
594
608
743
954
993
1085
1205
1279
1374
1741
1879
1913
1966
2016
2034
2183
2289
2290
2324
2359
2439
2452
2462
2487
2511
2526
2566
2586
2590
53
134
242
244
479
603
775
785
1354
1653
1675
1721
1884
1914
2103
2240
2489
2495
2551
2564
512
813
1225
1415
1797
2050
2286
2313
2386
2428
2621
591
2670
2098
1880
1791
1249
2056
2540
1000
1896
854
951
1174
1403
1794
1965
232
892
980
1674
180
304
519
1694
1917
34
223
856
1252
1455
1517
1630
1764
1853
1868
2160
9
460
768
876
1093
1299
1342
1364
1488
1968
2015
2209
2253
362
421
606
880
1291
1831
2170
2182
2230
2309
2317
2381
2456
2563
286
555
1031
1131
1159
1594
1733
1817
1900
2075
2094
2479
2554
2598
126
575
671
742
1090
1092
1123
1137
1189
1237
1312
1372
1444
1500
1615
1627
1631
1768
2116
2143
2158
2307
2338
2382
2460
2573
2609
292
396
405
406
627
773
790
875
936
1084
1180
1190
1318
1595
1752
2093
2273
2281
2319
2325
2356
2409
2477
2516
2569
2581
2606
2625
24
155
542
781
891
986
1045
1152
1243
1341
1579
1688
1765
1843
1937
1975
2049
2070
2137
2288
2387
2465
2502
2560
2615
2639
2646
2656
2660
2661
91
267
836
1033
1161
1184
1294
1550
1622
1988
2078
2096
2128
2185
2190
2194
2220
2349
2535
2547
2567
2644
2658
68
533
1442
1690
1710
1784
1818
1897
1982
2046
2234
2287
2374
2436
2559
2662
13
425
567
815
2655
2667
331
1094
1952
2024
2112
2557
2671
2674
2676
586
1223
1612
599
1464
864
1793
750
2082
2215
111
1801
570
1751
1851
2467
720
1493
2188
29
661
1641
1651
2383
2404
305
788
982
2021
838
971
1554
1742
1962
1985
2140
2385
2435
104
217
464
465
615
672
826
943
1041
1048
1140
1259
1275
1650
1670
1935
2249
2389
54
196
222
282
424
647
1154
1183
1469
1494
1921
2047
2073
2090
2350
2391
2412
2427
2509
15
374
531
624
870
1181
1200
1334
1370
1548
1723
1740
1837
1861
1961
2017
2041
2051
2055
2120
2177
2212
2228
2270
2364
2410
2508
2627
199
270
387
458
472
528
665
692
721
824
843
966
1054
1073
1082
1412
1484
1581
1623
1647
1729
1779
1901
2132
2208
2242
2264
2296
2340
2372
2453
2562
2582
2675
231
335
386
730
805
894
937
1042
1210
1284
1380
1587
1669
1700
1856
1867
1947
1979
2089
2179
2239
2256
2274
2346
2408
2464
2580
119
912
1019
1030
1338
1611
1753
1759
1912
1943
2013
2020
2152
2175
2176
2199
2306
2550
2591
2618
219
549
585
837
1453
1567
1727
2125
2207
2276
2541
2588
2589
2594
2619
2657
67
120
361
1201
1499
1881
2504
2576
970
1009
1248
2480
2536
1285
2377
867
2068
2126
1049
325
636
1649
1330
1925
1625
1211
2323
2441
495
558
727
102
193
540
634
1172
2263
2450
2572
825
1018
1516
607
1034
1255
1570
1573
1869
1980
2033
2037
2065
2189
2500
2673
101
539
638
1047
1088
1231
1241
1292
1449
1543
1566
1833
1840
2195
2200
2310
2528
511
1068
1086
1135
1176
1219
1540
1749
2091
2314
2449
2517
2596
303
496
649
798
810
913
1100
1194
1452
1644
1654
1671
1769
1796
1989
2111
2159
2229
2373
2398
2446
2472
2539
2610
2613
2636
118
144
550
1286
1288
1589
1689
2201
2361
2397
2424
2445
2473
2482
2496
2537
2574
2607
2628
2666
544
582
705
869
886
987
1246
1467
1522
2028
2251
2259
2384
2429
2442
2548
2651
266
1309
1697
2081
2246
2258
2291
2555
2630
907
1114
2085
2196
2629
1227
2466
2624
1990
877
670
2649
122
1062
434
1692
2392
704
1235
2347
2585
2645
767
1730
1950
2529
21
461
546
620
845
1377
1410
1450
1860
2417
526
831
1079
1104
1115
1317
1446
1519
1776
1822
1849
2243
48
1007
1061
1257
1326
1352
1385
1401
1547
1609
1705
1832
1862
1891
2117
2186
2216
2278
2521
2593
2599
36
500
545
896
1080
1096
1170
1185
1628
1795
1902
2023
2059
2129
2333
2402
2510
2519
2523
2538
2614
2634
78
176
228
278
321
373
510
628
1344
1440
1813
2198
2205
2486
2616
28
200
445
702
1087
1416
1474
1681
1709
1895
2164
2339
2352
2401
2483
2491
2659
69
499
609
1289
1393
1977
2272
2433
2518
2597
2647
561
1546
2255
2570
2669
1983
23
2432
296
842
1520
2360
197
693
1887
2135
2565
283
306
1754
1944
2641
1327
1527
257
706
1195
1445
1514
2443
1013
2043
601
1101
1179
1910
2062
2087
2206
2329
2422
2448
123
998
1258
2053
2106
2244
2337
2595
2611
124
508
521
565
933
1345
1601
1668
1757
1877
1888
2162
2236
2363
2388
2579
722
1702
2010
2011
2532
617
909
2035
2298
1812
2568
1809
1542
1247
2279
2222
2168
1991
329
901
1002
1578
2503
972
1311
1356
79
334
1953
2543
77
1028
1717
2343
2475
1
336
1528
1806
1828
2054
2079
2631
44
946
1597
2247
273
1747
2623
658
2379
2665
1217
1475
1511
985
1037
1250
2305
2371
46
1842
2414
1848
1875
2592
1411
1480
1545
2262
2341
517
1531
347
2301
2499
882
1603
1872
583
1555
