1083
128
152
1098
153
148
532
505
251
1222
378
796
49
919
197
1169
57
1082
707
1365
44
242
667
623
1382
258
42
1446
260
305
556
821
48
376
1330
166
607
136
168
278
329
87
1580
98
165
655
118
281
578
1037
379
540
608
918
945
1077
12
20
70
76
621
47
349
648
311
367
453
677
881
280
803
146
345
675
43
347
512
1218
1290
1551
526
528
672
684
459
461
692
101
619
624
1000
150
504
564
670
194
562
360
618
934
985
1503
173
36
859
991
325
747
1434
1547
1836
15
112
269
393
444
922
159
688
710
1071
1144
182
84
1237
1569
104
174
273
1594
18
37
507
81
414
817
1260
331
235
315
510
7
29
181
427
695
809
963
38
362
470
814
912
965
1033
58
169
227
283
777
1241
296
588
56
394
620
702
855
869
1431
201
274
790
929
1443
1474
653
964
355
407
768
832
385
433
749
808
1217
1253
1
499
593
595
678
1027
1616
14
59
184
476
701
1596
289
301
314
443
551
712
921
1031
1229
1524
371
521
722
960
1509
1830
74
105
123
457
493
574
592
741
1151
1706
79
454
594
1157
1557
2099
399
463
544
650
847
1246
1440
80
139
198
293
708
761
812
819
1442
1903
54
66
116
191
196
306
333
738
839
923
1301
277
441
486
530
643
676
780
861
999
1224
1288
82
162
187
216
429
698
843
868
1516
2030
63
156
185
299
491
580
721
852
956
1721
2025
341
423
492
537
614
1601
183
300
471
611
627
638
639
766
1066
1324
1713
1886
2092
203
255
351
682
699
911
948
1167
8
50
85
155
284
389
895
1876
16
19
71
178
213
319
612
751
778
1107
2173
114
218
310
348
387
576
1196
1378
1520
129
288
523
582
634
696
829
915
1395
1422
1627
1928
2006
180
372
500
907
977
1156
1661
179
559
690
1069
1687
2022
163
212
373
426
654
810
860
1075
1251
1842
2142
17
730
820
853
884
1010
1028
1055
1521
1530
1758
2013
30
211
403
897
1183
1207
1320
1392
1449
1560
1604
60
200
558
625
706
1011
1095
1153
1225
1455
1461
1666
1719
1779
72
186
189
279
324
332
478
502
882
926
973
1036
1329
1676
2156
0
33
171
458
495
591
742
900
1032
1080
1090
1541
1985
170
435
548
797
848
1063
1064
1081
1201
1267
1287
1327
1413
1673
31
111
221
241
366
508
617
685
719
815
1054
1091
1113
1152
1254
1531
1621
1814
1831
167
297
358
474
541
545
602
