256
211
376
448
181
14
205
516
397
342
379
687
392
43
631
1376
536
384
254
518
858
1063
1610
272
301
356
407
605
744
462
408
348
245
419
157
60
269
89
277
344
593
621
363
958
652
1078
1116
1040
718
105
100
341
557
1533
317
696
274
1293
313
776
323
1011
489
799
391
959
580
477
333
530
757
1244
1147
944
991
579
136
1676
236
1780
240
691
931
86
1136
1270
1120
64
310
1305
227
389
1204
1665
137
360
598
312
611
1552
161
955
2227
383
429
171
297
1732
281
797
992
1143
1209
1894
353
1707
187
1563
320
121
299
449
622
1238
70
587
996
1025
1001
1381
114
802
851
1043
