256
846
684
251
15
614
757
535
766
439
568
178
279
573
484
40
81
490
806
272
567
648
339
347
513
124
0
441
596
143
809
970
463
607
69
832
615
132
283
12
235
544
509
786
360
86
228
863
814
63
51
769
399
410
324
415
613
497
408
525
293
284
652
289
376
296
486
473
728
375
420
831
820
578
322
394
212
836
519
431
148
459
287
494
685
801
162
317
349
594
600
915
48
1
13
269
338
663
808
592
114
1005
570
379
564
159
515
692
195
308
223
112
264
446
346
910
121
391
371
893
475
425
627
229
380
524
887
640
444
927
136
593
644
39
131
52
709
610
314
827
64
582
336
932
579
461
556
469
690
670
76
187
311
38
290
313
453
87
561
103
784
79
343
432
922
984
20
242
813
589
451
991
735
667
710
748
295
838
767
651
550
575
191
221
111
730
694
238
294
188
1061
260
681
456
405
200
1111
591
258
488
754
588
217
972
176
127
879
802
49
546
353
830
492
182
335
448
261
759
719
24
693
501
727
319
507
428
840
331
540
548
427
854
565
944
386
71
300
706
482
457
417
503
234
231
243
828
275
691
129
1031
689
471
773
237
633
1087
1107
252
262
683
168
144
563
665
823
163
359
845
61
731
825
46
626
1039
722
881
562
496
558
1016
332
756
26
1055
422
253
948
298
82
664
653
460
771
903
149
650
781
545
656
885
912
500
896
890
115
708
894
763
661
753
818
105
943
905
878
853
934
1010
962
877
874
554
688
91
211
924
474
297
980
997
810
815
616
167
35
424
362
654
387
443
518
531
116
171
342
795
620
602
860
608
764
704
811
937
821
1252
1025
436
805
624
458
999
539
102
271
464
732
817
1053
995
886
605
416
1109
725
888
618
1038
926
203
333
574
925
363
1185
866
876
1081
726
1041
67
583
389
1103
193
244
875
478
587
177
931
236
1072
740
738
636
532
100
316
1062
433
872
595
1032
1060
481
569
328
668
993
172
870
1104
1146
842
713
218
426
1051
628
378
1170
913
372
791
447
720
736
466
762
1043
1074
533
942
868
553
516
68
782
637
325
288
776
760
976
465
705
340
381
707
677
816
412
797
232
559
517
1221
220
994
566
824
737
303
680
955
743
649
641
1091
499
1207
384
871
938
511
266
865
1112
354
897
979
285
495
407
276
1083
1080
892
733
189
263
1007
1243
169
1142
1206
348
437
491
601
599
947
946
612
312
32
1130
291
655
940
1013
747
659
696
952
849
1137
555
702
388
829
673
792
646
851
1181
434
861
1085
1021
1154
793
973
914
839
1129
1224
479
981
721
779
669
758
1049
1064
717
761
549
783
1092
551
1089
744
396
421
398
1117
1033
1063
78
2
571
1196
625
577
794
904
383
1108
780
527
699
1046
150
662
858
1009
1078
1194
409
777
772
373
1153
315
789
967
775
923
898
956
1232
902
611
142
1097
957
508
798
906
1017
1148
799
1248
880
971
1105
950
919
1008
248
718
1214
986
506
978
1076
714
1233
617
1167
855
1278
774
909
703
939
1141
477
1077
1057
745
493
584
1295
787
1059
916
1116
17
928
1012
1161
1066
841
990
992
1036
1058
770
1125
274
834
989
1022
676
698
1253
917
1011
1044
1174
364
687
1101
741
746
1204
1001
1028
374
192
1143
222
419
366
843
847
960
1179
246
765
1114
1220
1267
975
755
1095
920
1131
964
1093
977
1180
739
812
711
270
889
1073
1249
1228
1090
1048
961
859
1069
1115
1096
1209
1047
552
768
255
557
247
502
949
1135
1208
306
385
1279
1159
1127
1037
1210
882
345
1147
785
1042
679
1169
752
170
790
1189
1241
1195
1110
622
1002
867
895
1120
862
864
697
1054
869
580
969
1140
1285
724
750
1157
1136
1294
929
918
572
50
1118
1215
1288
1023
983
1251
1280
90
666
857
945
1235
852
1337
1304
435
1321
1172
1175
369
734
891
958
1231
723
1003
1094
1266
480
1218
1056
1123
837
1284
1071
959
357
1029
936
1151
1075
1027
210
1045
1079
1163
1024
1015
1276
528
1088
1240
1258
819
145
1335
1004
1126
1168
1242
1263
1256
1145
334
1262
907
133
632
822
963
1052
1067
1225
1282
1264
1086
1188
597
1244
1138
327
1291
1202
796
835
987
1014
883
454
1098
1303
1271
1227
534
749
682
1026
1312
1246
974
1230
585
998
1247
1162
1133
472
826
873
1187
1019
1197
326
966
1193
1099
1315
1245
954
1156
93
935
716
526
1132
951
658
953
1178
1149
1030
1199
1152
647
1113
1325
1191
216
1158
1190
609
700
1198
1254
1160
1213
1316
126
1219
1222
1324
742
1040
1236
1323
330
1082
933
1226
1314
1234
1050
1302
1000
1328
1217
635
729
1121
1128
1201
1265
1259
1084
985
1102
850
1237
900
1106
1308
982
1192
304
844
1173
1183
1257
807
1296
1124
660
1212
930
1289
1100
1171
1176
1122
1331
1184
1006
1020
1211
701
1068
1223
1229
1311
1327
1239
1307
1297
1336
1139
1018
1346
996
1203
1329
1273
1319
1292
1270
1165
1322
921
1186
1272
1269
1313
1320
1205
1274
1342
968
941
848
1144
1260
1275
712
1341
1281
1300
1134
1310
1182
198
1238
1306
1286
1035
1305
604
1334
804
1216
1255
576
715
1301
1347
965
1034
536
1277
1290
1326
1268
1250
1119
1298
678
1164
1065
1299
1338
1166
1261
901
309
1287
1283
1344
1293
856
1177
1318
1155
1200
1330
1348
1317
1333
1309
1343
908
1340
1150
1339
1332
1070
1345
