29
11
233
45
113
268
5
97
341
241
119
141
4
43
108
249
201
239
226
128
329
183
174
70
180
60
75
33
158
80
445
267
225
197
214
215
302
450
151
89
157
619
498
365
98
104
514
184
278
88
483
205
84
505
418
74
14
101
47
429
537
224
165
541
19
455
154
400
280
489
56
137
543
403
629
77
254
155
57
305
117
259
83
181
161
146
521
657
202
194
34
18
55
135
138
156
219
8
6
106
547
510
185
355
208
337
204
110
257
377
190
606
645
538
638
350
230
28
125
95
37
603
41
406
833
3
66
240
430
560
512
282
642
152
245
273
307
147
65
134
351
292
462
623
344
382
440
468
438
164
413
96
452
321
361
803
23
54
423
639
250
310
21
122
130
370
485
675
107
487
175
265
173
206
179
207
140
390
27
120
320
467
42
10
209
598
520
9
522
31
911
286
58
634
542
368
30
16
62
227
25
523
442
414
72
277
299
85
199
186
401
59
530
686
402
367
73
36
92
449
590
643
395
7
404
358
281
470
788
988
586
44
397
631
22
356
695
323
751
672
318
94
393
139
884
99
392
674
671
529
411
899
621
778
581
123
476
160
630
213
196
109
301
166
800
118
504
53
352
153
