0	276	1274 
0	300	2204 
0	613	1704 
0	833	984 
0	1219	965 
1	45	579 
1	150	737 
1	892	666 
2	48	312 
2	338	86 
2	614	98 
2	1175	81 
3	533	15 
3	1336	56 
4	8	559 
4	101	475 
4	266	511 
4	567	916 
4	815	633 
5	491	1328 
5	554	620 
5	798	524 
5	1173	539 
5	1475	468 
6	155	319 
6	575	327 
6	783	406 
7	40	87 
7	108	26 
8	52	358 
8	325	499 
8	420	203 
8	441	754 
9	109	750 
9	111	3663 
9	173	18414 
9	184	2680 
9	222	1814 
9	480	1547 
9	633	2231 
9	738	2330 
10	177	96 
10	234	157 
10	441	568 
10	1045	175 
10	1073	190 
11	5	694 
11	130	122 
11	370	3576 
11	442	150 
11	595	72 
12	108	3239 
12	251	116 
12	338	1823 
12	348	627 
12	599	65 
12	1057	49 
13	386	53 
14	35	321 
14	219	843 
14	361	1185 
14	846	284 
14	847	348 
14	914	3565 
14	1137	978 
14	1303	339 
15	366	1014 
15	1167	1654 
15	1336	1257 
16	108	131 
16	441	88 
16	823	146 
16	1210	81 
17	985	632 
18	27	212 
18	108	216 
18	827	134 
18	887	169 
18	975	638 
19	135	827 
19	173	387 
20	127	284 
20	334	98 
20	415	127 
20	477	66 
20	494	74 
20	1221	150 
21	14	154 
21	140	270 
21	741	134 
21	1056	122 
22	23	2631 
22	753	2070 
22	923	2158 
22	976	3366 
22	1373	1602 
23	497	401 
23	708	413 
23	869	486 
23	1342	1262 
24	64	916 
24	66	364 
24	135	501 
25	27	1557 
26	251	247 
27	159	6428 
27	431	294 
28	140	1533 
28	245	207 
29	127	1111 
29	250	242 
29	835	353 
29	868	351 
29	887	327 
29	1281	389 
30	211	96 
30	338	148 
30	1265	385 
31	771	2588 
32	20	417 
32	44	1199 
32	87	679 
32	204	620 
32	335	840 
32	424	304 
32	477	524 
32	1079	412 
32	1318	267 
33	12	128 
33	72	590 
33	249	113 
33	467	717 
33	492	191 
33	518	1028 
33	797	528 
34	42	309 
34	70	249 
34	72	514 
34	240	223 
34	497	776 
34	843	271 
34	887	1020 
34	909	710 
35	528	255 
35	561	161 
35	781	176 
35	828	194 
35	1068	187 
36	51	1481 
36	847	1089 
37	120	684 
37	143	496 
37	356	666 
37	386	322 
37	570	196 
37	1428	340 
37	1450	645 
38	76	237 
39	315	239 
40	48	254 
40	213	919 
40	338	197 
40	751	296 
41	215	487 
41	338	371 
41	432	1126 
41	588	366 
41	678	467 
42	45	547 
42	463	201 
42	591	603 
42	1139	1223 
43	4	283 
43	359	221 
44	1	406 
44	24	480 
44	790	808 
45	426	83 
45	766	30 
45	1297	18 
45	1451	62 
46	106	253 
46	520	332 
46	539	779 
46	983	855 
46	992	358 
46	1378	726 
47	9	691 
47	29	801 
47	48	2276 
47	51	754 
47	280	864 
47	291	786 
47	429	2237 
47	652	1318 
47	865	807 
47	1232	883 
48	281	55 
48	400	11 
48	1493	14 
49	222	1047 
49	584	57 
49	1042	95 
50	187	585 
50	335	2859 
50	441	548 
50	458	1005 
50	813	1036 
50	828	1652 
51	44	58 
51	203	112 
52	44	4202 
52	77	219 
52	804	837 
53	140	738 
53	219	930 
53	914	1387 
53	1026	702 
54	72	52 
54	160	10 
54	182	55 
54	251	50 
54	441	155 
55	266	184 
55	1341	337 
56	27	4 
56	37	1091 
56	155	5 
56	580	91 
56	747	23 
56	773	4 
56	959	39 
57	127	46 
57	762	43 
57	764	51 
57	806	77 
57	984	42 
58	108	218 
58	607	155 
58	650	135 
59	48	250 
59	92	49 
59	103	1310 
59	151	32 
59	390	3170 
59	917	48 
59	1410	140 
60	403	276 
60	405	261 
60	722	253 
60	1473	308 
61	124	297 
61	441	427 
61	900	134 
62	27	92 
63	265	912 
63	267	84980 
63	757	1034 
64	416	170 
64	627	1187 
64	822	198 
64	1052	615 
64	1248	168 
66	457	212 
66	977	187 
66	1107	106 
66	1204	164 
67	197	717 
67	246	329 
67	848	699 
67	1075	297 
68	81	36 
68	90	36 
69	20	81 
69	186	92 
69	433	141 
69	614	46 
70	56	144 
70	222	2380 
70	828	157 
70	1457	216 
71	103	5874 
71	159	843 
72	24	155 
72	222	581 
72	257	233 
72	307	813 
72	1051	79 
73	116	213 
73	374	322 
73	393	206 
74	499	488 
74	1348	1235 
75	92	342 
75	130	150 
75	161	4040 
75	390	2670 
75	493	608 
75	847	232 
75	1121	1176 
76	190	249 
76	345	343 
76	644	1527 
76	887	258 
77	368	56 
77	429	56 
77	960	53 
78	292	2287 
78	410	2643 
78	415	324 
78	613	1193 
78	1114	10944 
78	1118	683 
79	321	74 
79	473	103 
79	565	95 
79	1011	91 
79	1093	76 
79	1158	105 
79	1261	143 
79	1446	126 
80	218	1214 
80	1430	258 
81	18	523 
81	42	434 
81	90	242 
82	334	1339 
82	519	1094 
82	839	24607 
82	930	8989 
82	955	1205 
83	4	2150 
83	74	568 
83	225	279 
83	543	284 
83	944	482 
83	1242	115 
84	39	35 
84	72	199 
84	85	64 
84	338	74 
84	535	33 
84	553	40 
85	574	118 
85	960	109 
86	11	86 
86	48	6580 
86	72	451 
86	750	27 
87	53	1044 
88	80	110 
88	103	1878 
88	211	517 
88	429	1237 
89	151	412 
89	588	646 
89	872	296 
91	66	3153 
91	622	393 
91	1483	336 
92	23	857 
92	178	727 
92	217	254 
92	295	930 
92	342	499 
92	549	280 
92	724	203 
93	4	976 
93	156	478 
93	480	2437 
93	1436	489 
94	8	225 
94	123	128 
95	315	449 
95	569	173 
95	712	134 
95	941	421 
95	1214	221 
95	1244	580 
96	12	2602 
96	758	800 
96	1106	2798 
97	1178	607 
98	468	615 
98	588	170 
98	871	325 
98	1173	171 
99	4	812 
99	46	457 
99	222	2861 
99	968	370 
100	9	98 
100	187	148 
100	317	58 
100	1003	108 
101	108	1204 
102	680	259 
102	1018	275 
103	142	279 
103	157	110 
103	475	50 
104	78	690 
104	111	887 
104	1212	91 
105	2	274 
105	65	1255 
105	380	381 
105	529	205 
105	893	238 
106	264	394 
106	427	955 
106	463	259 
107	150	123 
107	264	350 
107	393	54 
107	432	49 
107	984	104 
108	29	134 
108	149	293 
108	249	239 
108	265	84 
109	495	51 
109	1347	81 
109	1370	36 
110	29	3271 
110	72	150 
110	144	170 
110	234	200 
110	258	559 
110	338	215 
110	365	326 
110	370	290 
110	590	1862 
110	614	119 
110	917	522 
111	344	245 
111	1445	241 
112	4	701 
112	27	835 
112	165	852 
112	985	648 
112	1437	468 
113	1501	483 
114	72	38 
114	108	112 
114	214	33 
116	92	94 
116	161	1478 
116	375	23 
116	1020	40 
117	13	148 
117	37	91 
117	345	1989 
117	357	118 
117	720	864 
118	30	735 
118	59	387 
118	140	729 
118	1027	343 
118	1347	635 
120	103	2324 
120	108	1094 
120	159	12181 
120	160	545 
120	389	2096 
120	497	948 
121	342	212 
121	1150	123 
122	169	923 
122	264	881 
122	316	577 
122	1299	1424 
123	402	1 
124	197	415 
124	314	136 
124	385	107 
124	749	90 
124	769	327 
124	1421	174 
125	221	1317 
125	959	826 
126	107	3518 
126	108	511 
126	431	197 
126	763	114 
127	11	939 
127	103	4653 
127	173	1197 
127	1047	978 
127	1396	1204 
127	1464	1975 
128	623	138 
128	677	57 
128	679	48 
128	757	73 
128	868	97 
129	82	77 
129	222	638 
129	421	56 
129	1029	69 
130	197	128 
130	235	77 
130	293	73 
130	1135	102 
131	118	693 
131	230	537 
131	598	388 
132	260	524 
132	652	395 
133	43	76 
133	66	1515 
133	289	1340 
133	847	259 
133	1302	3001 
134	124	42 
134	213	3643 
134	588	560 
135	116	120 
135	211	126 
135	213	170 
135	241	153 
135	409	234 
136	18	302 
136	85	240 
136	107	366 
136	159	396 
136	161	369 
136	254	224 
137	5	1475 
137	32	1269 
137	663	3548 
138	20	258 
138	782	231 
139	18	253 
139	168	749 
139	254	254 
139	929	468 
139	1187	259 
140	159	304 
140	370	188 
141	130	888 
141	486	1110 
141	524	3206 
141	1067	1977 
142	150	838 
142	172	304 
142	450	323 
142	500	588 
142	1095	1564 
143	24	1158 
143	116	1006 
143	161	1103 
143	370	2247 
143	460	906 
143	653	546 
143	1384	1502 
144	387	105 
144	581	184 
144	757	554 
145	37	3039 
145	60	103 
145	140	757 
145	150	151 
145	413	71 
146	154	602 
146	528	4658 
146	858	364 
147	108	2205 
147	429	614 
147	1002	2708 
147	1257	226 
148	704	294 
148	1423	396 
149	150	476 
149	338	53 
150	776	44 
150	806	28 
150	992	31 
151	12	1303 
151	359	240 
151	604	1408 
151	624	314 
152	608	136 
152	1027	79 
153	107	875 
153	159	834 
153	441	878 
153	952	1548 
154	4	477 
154	120	16 
154	169	265 
154	289	203 
154	562	26 
154	1371	127 
155	212	632 
155	219	1496 
155	359	4218 
155	596	1235 
155	630	227 
155	1170	200 
156	120	1103 
156	128	475 
156	149	637 
156	334	1865 
156	889	461 
156	1140	332 
156	1170	439 
157	10	668 
157	189	95 
157	490	98 
157	786	196 
157	1500	1040 
158	161	9 
158	336	6 
158	872	10 
159	5	288 
159	18	200 
159	270	99 
159	773	743 
160	453	1 
160	738	1 
161	135	522 
161	352	313 
161	1463	1425 
162	12	2165 
162	130	1749 
162	213	1553 
162	475	69 
162	1434	188 
163	108	1136 
163	150	62 
163	157	118 
163	267	63 
163	1007	115 
163	1176	57 
164	8	24 
164	216	43 
164	392	141 
164	420	23 
164	431	40 
164	534	39 
165	40	293 
165	72	55 
165	103	89 
165	161	65 
165	409	468 
165	844	37 
165	1333	114 
166	201	1406 
167	45	847 
167	195	394 
167	729	303 
167	1377	305 
168	9	370 
168	160	298 
168	486	719 
168	538	337 
170	113	226 
170	580	190 
171	66	2030 
171	222	898 
171	729	1707 
171	930	241 
172	122	172 
172	494	222 
172	976	180 
173	237	109 
174	58	916 
174	108	1198 
174	370	1619 
174	754	548 
174	917	1607 
175	9	775 
175	103	90 
175	204	96 
175	288	557 
175	1470	89 
176	29	301 
176	32	130 
176	151	170 
177	32	337 
177	66	243 
177	553	291 
177	1205	174 
178	9	249 
178	12	1745 
178	108	1443 
178	940	231 
179	107	1087 
179	108	472 
179	351	74 
179	441	406 
179	595	158 
180	111	3257 
180	1298	136 
181	103	7 
181	732	1 
181	887	1 
182	43	55 
182	795	352 
182	960	77 
183	125	19 
183	804	18 
184	317	86 
184	1070	277 
185	243	79 
186	76	221 
186	111	1837 
186	244	388 
186	828	260 
186	1020	261 
186	1306	201 
187	149	629 
187	168	361 
187	416	352 
187	1000	1126 
188	111	279 
188	377	148 
189	195	608 
189	283	1015 
190	25	103 
190	135	155 
190	1279	112 
190	1414	97 
191	975	406 
191	1066	344 
192	491	259 
193	37	1904 
193	108	572 
193	247	2287 
193	433	406 
193	1053	159 
194	201	361 
194	296	451 
194	541	417 
195	37	722 
195	127	586 
195	173	5308 
195	217	503 
195	357	443 
195	629	605 
195	1411	1589 
196	33	640 
196	82	1064 
196	848	626 
197	53	18 
197	275	73 
197	971	16 
197	1368	7 
197	1386	21 
198	27	17 
198	679	20 
198	784	39 
198	1300	22 
199	386	96 
200	357	127 
200	420	255 
200	429	419 
200	533	1388 
200	659	1804 
200	679	5599 
200	1394	205 
201	1080	10 
201	1307	13 
202	103	11950 
202	395	345 
202	660	776 
202	872	778 
203	8	706 
203	25	440 
203	37	843 
203	98	243 
203	1025	156 
204	160	744 
204	414	70 
205	286	89 
206	82	15 
206	159	105 
206	602	18 
206	890	25 
207	250	239 
207	429	827 
207	1125	396 
208	36	288 
208	1395	510 
209	222	564 
209	345	1406 
209	357	972 
209	698	541 
209	749	1066 
210	18	15 
210	60	18 
210	354	26 
211	906	365 
212	27	11 
212	353	26 
213	44	7 
213	97	9 
213	122	9 
213	216	4 
213	432	6 
213	1344	5 
214	68	1756 
214	151	495 
214	389	932 
214	876	466 
215	264	771 
215	893	989 
215	1454	6419 
216	701	5742 
217	583	1072 
217	1038	1036 
217	1204	259 
219	37	888 
219	108	36 
219	739	25 
219	1135	27 
220	127	554 
220	150	2317 
220	238	830 
220	317	270 
220	806	496 
220	1245	412 
221	43	192 
221	53	384 
221	56	91 
221	60	61 
221	307	207 
221	784	109 
222	48	792 
222	108	214 
222	250	156 
222	564	148 
222	1467	130 
223	97	158 
223	254	108 
223	338	66 
223	1163	182 
224	114	150 
224	245	105 
224	528	398 
224	1078	146 
225	981	457 
226	55	495 
226	97	358 
226	124	335 
226	338	622 
226	351	666 
226	815	451 
226	1190	539 
226	1212	404 
227	92	29 
227	182	25 
227	484	28 
227	624	28 
227	922	29 
228	362	435 
228	569	501 
228	795	302 
228	875	503 
229	65	83 
229	766	145 
229	813	716 
229	1164	41 
229	1361	764 
230	66	6610 
230	87	337 
230	242	260 
230	264	1350 
230	437	178 
230	548	618 
231	159	605 
231	892	99 
232	131	147 
232	173	788 
233	37	5997 
233	140	94 
233	982	131 
234	366	233 
234	996	416 
235	901	574 
235	958	138 
236	173	295 
236	264	67 
236	966	38 
237	45	2 
237	72	24 
237	521	2 
237	536	4 
238	67	123 
238	96	172 
238	150	573 
238	228	103 
238	342	177 
239	72	279 
239	142	368 
239	161	23 
239	213	28 
239	560	45 
239	592	138 
239	957	161 
240	5	2439 
240	492	729 
240	558	330 
240	829	830 
240	1289	707 
241	412	125 
241	452	266 
242	29	128 
242	103	1775 
242	186	4 
242	286	95 
242	430	4 
242	441	54 
242	1022	15 
243	61	77 
243	583	179 
244	64	1113 
244	630	689 
245	143	67 
245	348	20 
245	507	5 
245	1358	39 
246	111	27 
246	325	151 
246	1119	153 
246	1170	166 
247	65	200 
247	355	166 
247	422	263 
247	1098	111 
248	63	1950 
248	819	455 
249	3	3210 
249	237	669 
249	317	463 
249	370	328 
249	414	407 
249	765	744 
249	1018	1116 
249	1135	173 
250	80	144 
250	370	548 
250	390	119 
250	483	1553 
250	538	96 
250	642	512 
250	650	71 
251	124	33 
251	213	285 
251	234	209 
251	370	89 
251	538	85 
251	1249	19 
252	70	221 
252	597	131 
253	49	576 
253	222	528 
253	782	450 
254	48	86 
254	72	4795 
254	170	180 
254	250	218 
254	432	10854 
254	678	114 
255	53	595 
255	187	259 
255	749	104 
255	899	105 
255	996	112 
256	34	835 
256	57	465 
256	111	1264 
256	202	1160 
256	731	1683 
257	9	128 
257	70	176 
257	232	181 
257	284	241 
257	444	119 
257	1065	203 
258	150	430 
258	194	356 
258	222	521 
258	1011	299 
259	66	453 
259	259	343 
259	372	631 
259	537	1125 
259	577	1210 
259	1069	733 
260	45	252 
260	195	74 
260	365	79 
261	11	139 
261	72	257 
261	92	211 
261	103	382 
261	497	188 
262	10	28 
262	596	56 
262	705	32 
263	90	397 
263	369	93 
263	444	451 
263	610	94 
263	1061	150 
264	214	147 
264	222	368 
264	979	176 
265	147	3456 
265	429	1983 
265	441	265 
266	37	1057 
267	44	370 
267	150	1692 
267	232	282 
267	335	1673 
267	342	333 
268	58	680 
268	107	20118 
268	122	1534 
268	311	715 
268	361	520 
268	407	627 
269	117	72 
269	173	222 
269	672	127 
270	92	187 
270	197	375 
270	217	134 
270	653	3098 
270	662	528 
271	4	79 
271	23	75 
271	44	67 
271	49	1361 
271	111	1442 
271	267	99 
271	819	69 
271	1196	547 
272	497	90 
273	1149	178 
274	108	281 
274	524	647 
274	718	177 
274	808	115 
274	866	754 
274	899	402 
275	856	105 
275	1247	141 
276	53	58 
276	66	69 
276	145	63 
277	338	94 
277	488	32 
277	1021	110 
278	113	529 
278	347	427 
278	779	888 
278	1233	343 
279	53	413 
279	95	168 
280	66	200 
280	242	220 
280	351	180 
280	958	1575 
281	222	1318 
281	705	660 
281	709	242 
281	1009	523 
281	1213	291 
282	140	286 
282	221	721 
282	353	112 
283	26	1555 
283	165	1502 
283	183	2485 
283	1408	1170 
284	862	373 
284	1292	313 
285	249	123 
285	1322	200 
286	839	668 
286	1020	656 
287	27	175 
287	37	1232 
287	140	51 
287	353	23 
287	357	48 
287	374	80 
287	1085	129 
288	14	276 
288	48	142 
288	218	173 
288	1302	437 
289	116	4153 
289	790	1060 
290	228	206 
290	275	41 
290	349	37 
291	70	1929 
291	130	991 
291	213	338 
291	624	295 
292	44	2589 
292	222	1362 
292	457	3054 
292	789	1568 
293	31	122 
293	126	211 
293	570	255 
293	1230	225 
294	1266	361 
296	11	73 
296	186	395 
296	370	121 
297	43	25 
297	467	18 
298	157	41 
298	175	146 
298	887	56 
299	111	1562 
299	145	220 
299	186	379 
299	260	260 
300	250	239 
300	587	144 
300	662	145 
301	96	300 
301	187	135 
302	325	158 
303	24	3588 
303	692	865 
303	790	2341 
304	177	433 
304	242	1033 
305	68	6 
305	103	1 
305	122	1 
305	242	2 
305	310	2 
306	103	927 
306	293	119 
306	798	215 
307	38	336 
308	107	96 
308	234	556 
308	651	652 
308	659	152 
308	837	86 
309	20	833 
309	63	1979 
309	70	1567 
309	135	771 
309	146	619 
309	166	1366 
309	742	963 
309	1004	703 
310	26	1530 
310	704	1321 
310	1176	774 
310	1448	950 
311	107	1321 
311	287	990 
311	659	646 
312	36	43 
312	657	42 
312	839	69 
313	1270	107 
314	29	1279 
314	52	879 
314	103	731 
314	144	331 
314	414	113 
314	798	237 
314	1034	180 
315	8	270 
315	18	549 
315	20	2178 
315	42	191 
315	217	2921 
315	317	450 
315	566	197 
315	709	348 
316	521	1176 
316	1192	152 
317	126	896 
317	283	752 
317	1303	1024 
317	1465	968 
318	90	117 
318	774	144 
319	285	83 
319	833	42 
319	867	288 
320	519	4 
320	766	5 
320	959	3 
320	985	3 
321	26	1368 
321	142	220 
321	230	268 
321	629	212 
321	633	1310 
322	60	7365 
322	458	1969 
322	566	2674 
323	5	35 
323	107	74 
323	115	31 
324	93	147 
324	111	353 
324	267	179 
324	432	464 
325	111	78 
325	629	25 
325	1467	428 
326	397	1141 
326	1009	2545 
327	6	196 
327	78	259 
327	298	182 
327	326	139 
327	1197	161 
328	43	143 
328	87	81 
328	222	97 
328	333	42 
328	521	778 
328	1035	25 
329	33	70 
329	57	194 
329	580	589 
329	689	166 
329	767	277 
330	43	813 
330	111	959 
330	491	834 
330	790	455 
331	5	1026 
332	289	2731 
332	1095	1613 
332	1320	346 
332	1459	657 
333	62	207 
333	99	104 
333	378	236 
333	1364	360 
334	34	704 
335	733	38 
336	142	1025 
336	189	399 
336	214	77 
336	433	185 
337	153	902 
337	402	553 
337	697	945 
338	166	922 
338	330	837 
338	1009	1129 
339	53	304 
339	742	816 
339	876	245 
339	1098	395 
340	184	1099 
341	8	485 
341	60	416 
341	103	978 
341	130	1400 
341	176	465 
341	338	589 
341	587	587 
341	906	388 
342	8	1028 
342	216	247 
342	319	781 
342	815	407 
343	289	641 
343	335	263 
343	429	139 
343	448	352 
343	570	154 
343	1193	150 
344	266	79 
344	281	157 
344	627	69 
344	1480	434 
345	354	2077 
345	422	494 
345	741	421 
345	743	274 
345	1278	1080 
346	108	2834 
346	124	893 
346	129	368 
346	351	348 
346	797	774 
346	1108	2031 
347	1283	91 
348	122	238 
348	138	384 
348	142	1290 
348	160	1091 
348	234	109889 
349	8	372 
349	186	247 
350	90	1 
350	567	2 
350	618	1 
351	154	264 
351	562	345 
351	603	212 
351	777	217 
352	25	1082 
352	103	507 
352	108	361 
352	289	1223 
352	557	360 
353	9	242 
353	342	429 
353	461	188 
353	618	3516 
353	1128	1039 
354	377	334 
354	415	204 
354	427	451 
354	466	399 
354	975	1406 
356	13	209 
356	27	79 
356	56	1023 
356	173	348 
356	534	418 
356	679	148 
357	31	2184 
357	477	550 
357	626	600 
357	1038	3510 
357	1371	1392 
358	65	73 
358	66	75 
358	78	288 
358	81	232 
358	100	78 
358	520	155 
358	617	69 
358	1327	73 
359	31	608 
359	1269	874 
359	1377	1295 
360	5	504 
360	493	260 
360	662	219 
361	311	46 
361	522	23 
361	571	12 
362	67	61 
362	1218	32 
362	1485	113 
363	1104	81 
363	1180	422 
364	159	855 
364	259	765 
364	527	1426 
364	1422	1143 
365	108	5220 
365	161	100 
366	4	30 
366	25	12 
366	186	13 
366	205	23 
366	219	31 
366	521	11 
367	42	313 
367	1061	322 
368	1	57 
368	4	252 
368	437	53 
369	1131	575 
370	82	479 
370	91	101 
370	294	135 
370	741	180 
370	1010	1058 
370	1325	327 
371	176	3 
371	422	11 
371	1187	6 
372	72	365 
372	159	138 
372	716	207 
373	103	753 
373	250	429 
373	351	187 
373	502	226 
373	553	457 
373	1106	183 
373	1205	167 
374	186	173 
374	288	349 
374	386	293 
374	692	251 
375	22	337 
375	88	449 
375	165	295 
375	225	1816 
375	598	297 
375	633	355 
375	698	439 
376	651	164 
377	5	2049 
377	72	2264 
377	151	652 
377	251	1061 
378	815	191 
378	835	242 
378	1471	254 
380	116	582 
380	285	561 
380	321	6627 
380	402	1209 
380	1148	1215 
380	1326	554 
381	288	289 
381	828	223 
381	1436	192 
382	380	151 
382	433	244 
383	140	679 
383	307	229 
383	444	201 
383	742	280 
383	1071	713 
384	284	114 
384	342	1353 
384	633	342 
384	932	447 
384	1451	91 
385	5	16 
385	108	3506 
386	144	155 
386	311	61 
387	19	205 
387	66	432 
387	327	245 
387	1000	221 
388	479	143 
388	608	136 
389	68	600 
389	122	351 
389	123	214 
389	130	168 
389	438	639 
389	533	231 
390	19	50 
390	56	311 
390	159	69 
390	411	73 
390	747	626 
390	784	71 
390	985	328 
391	12	877 
391	166	86 
391	498	169 
391	620	184 
392	311	366 
392	918	537 
392	1367	510 
393	32	6596 
393	39	1060 
393	110	677 
393	151	582 
393	213	2473 
393	1173	344 
395	18	160 
395	106	194 
395	111	311 
395	113	1333 
395	264	16895 
395	832	298 
396	91	292 
396	669	507 
396	766	348 
397	649	209 
397	1285	198 
398	280	273 
398	382	51 
398	1023	103 
398	1131	84 
399	88	1359 
399	962	846 
399	1212	647 
400	34	122 
400	77	154 
400	344	118 
400	503	178 
400	1164	130 
401	267	3729 
401	648	721 
401	1467	557 
402	225	419 
402	569	1644 
402	766	354 
403	1247	329 
404	92	8 
404	234	35 
404	257	13 
404	407	2 
404	441	59 
404	1031	4 
404	1136	9 
405	90	84 
405	478	78 
405	1408	100 
406	277	425 
406	462	195 
406	766	85 
406	1051	191 
407	87	575 
407	282	159 
407	615	167 
408	87	178 
408	263	501 
408	291	458 
408	742	315 
408	1405	848 
409	142	847 
410	380	563 
413	72	311 
413	87	329 
413	126	614 
413	601	327 
413	790	716 
414	5	118 
414	48	142 
414	85	529 
414	564	48 
415	325	190 
415	370	177 
415	467	105 
416	157	225 
416	550	2406 
416	960	1195 
416	1184	565 
416	1246	1294 
416	1411	1467 
417	278	171 
417	931	154 
417	1168	158 
419	290	215 
419	420	166 
420	68	367 
420	213	455 
421	140	756 
421	385	354 
421	542	536 
422	51	136 
422	82	46 
422	182	75 
423	1284	1025 
424	40	20 
424	125	22 
424	197	53 
424	264	54 
424	484	21 
425	210	4318 
425	685	982 
426	524	494 
426	1354	5488 
427	26	4 
427	264	9 
428	343	153 
428	1282	132 
429	250	612 
430	48	1473 
430	249	709 
430	250	1369 
430	253	506 
430	441	619 
431	90	3367 
431	431	278 
431	1076	329 
432	250	244 
432	491	141 
432	560	238 
432	607	105 
433	342	6 
433	499	82 
433	799	2849 
434	1191	956 
435	367	252 
435	370	234 
435	485	138 
435	1344	658 
436	253	474 
436	370	438 
438	50	18 
438	116	15 
438	651	4 
439	347	1667 
439	689	1683 
439	897	448 
439	1153	558 
440	87	259 
440	161	184 
440	234	1375 
440	375	158 
440	808	119 
440	928	560 
441	111	755 
441	342	528 
441	1506	168 
442	422	110 
442	521	48 
442	1018	45 
442	1485	60 
443	127	100 
443	173	274 
443	343	197 
443	835	90 
443	924	119 
444	32	1318 
444	48	1464 
444	130	525 
445	213	297 
445	253	353 
445	885	255 
446	220	4 
446	776	4 
446	784	3 
447	194	77 
448	140	102 
448	226	26 
448	422	26 
448	542	28 
448	832	188 
449	11	964 
449	161	3354 
449	213	4459 
449	310	350 
449	325	385 
449	834	325 
450	828	68 
451	85	68 
451	201	68 
451	228	207 
451	1210	60 
452	538	270 
452	650	100 
452	744	200 
452	971	218 
453	36	254 
453	418	258 
453	725	384 
453	929	299 
453	1022	836 
453	1045	250 
453	1435	198 
455	381	429 
455	881	258 
455	979	282 
456	161	46 
456	797	76 
456	1293	23 
456	1384	32 
457	105	1084 
457	111	1107 
457	307	837 
458	10	185 
458	36	181 
458	1216	263 
459	456	38 
460	164	151 
460	401	137 
460	434	72 
460	723	74 
460	828	92 
460	942	84 
461	307	178 
461	380	264 
461	1132	111 
462	5	151 
462	370	93 
462	533	612 
463	325	606 
464	32	331 
464	85	647 
464	130	233 
464	161	784 
464	182	181 
464	361	165 
464	595	239 
465	342	16 
465	526	16 
465	800	41 
466	176	177 
467	44	86 
467	96	157 
467	214	67 
467	949	71 
468	204	170 
468	421	192 
468	846	119 
468	1169	126 
469	24	79 
469	222	751 
469	295	269 
469	364	123 
469	662	138 
470	108	924 
470	173	1054 
470	217	484 
470	235	734 
470	404	796 
470	426	410 
470	1007	554 
471	441	139 
471	1030	226 
472	159	5927 
472	361	3048 
472	502	599 
473	111	1332 
473	480	841 
473	542	469 
473	608	560 
473	1451	840 
474	142	22 
474	221	97 
474	318	18 
475	78	639 
475	127	550 
475	380	722 
475	1469	256 
476	48	568 
476	72	519 
476	103	1709 
476	753	254 
476	754	154 
476	1447	281 
477	82	314 
477	138	264 
477	351	309 
477	386	219 
477	490	161 
477	671	432 
478	452	703 
479	8	2311 
479	115	236 
479	177	311 
479	361	636 
480	1235	232 
481	19	153 
481	321	248 
481	345	265 
481	458	458 
481	478	213 
481	498	139 
481	853	152 
481	1156	130 
482	3	191 
483	500	715 
483	656	643 
484	72	1494 
484	338	357 
484	429	1331 
484	961	86 
484	1129	558 
485	44	379 
485	243	248 
485	555	263 
485	594	358 
486	66	293 
486	108	1125 
486	342	200 
486	409	503 
487	454	635 
487	822	1166 
487	914	728 
487	1073	614 
487	1248	584 
488	24	37 
488	350	23 
488	1141	15 
489	43	1969 
489	45	4524 
489	53	375 
489	78	456 
489	705	891 
489	828	531 
490	335	929 
491	110	498 
491	225	566 
491	945	286 
492	107	83 
492	228	51 
492	602	55 
492	733	108 
493	421	412 
493	809	539 
494	49	222 
494	256	248 
494	421	135 
495	45	1165 
495	48	323 
495	53	300 
495	177	116 
495	195	228 
495	222	98 
495	251	145 
495	1421	108 
496	148	327 
496	361	396 
497	34	2597 
497	93	3397 
497	335	40946 
497	404	1786 
497	494	1938 
497	743	8340 
497	757	1737 
497	1196	2396 
498	151	1146 
498	266	2020 
498	414	746 
498	707	453 
498	1065	1577 
499	58	11 
499	250	22 
499	328	11 
499	350	45 
499	1344	121 
500	32	231 
500	115	4776 
500	488	120 
500	636	207 
501	48	455 
501	159	1225 
501	296	4 
501	338	224 
502	110	1765 
502	160	244 
502	161	312 
502	249	77 
502	522	160 
503	950	715 
503	960	142 
503	1164	264 
504	48	2999 
504	107	232 
504	149	223 
504	160	636 
504	250	644 
504	370	2630 
504	804	413 
505	411	7 
505	965	1 
506	78	123065 
506	1451	1150 
507	66	3636 
507	390	696 
507	750	431 
508	8	220 
508	10	60 
508	45	103 
508	164	162 
508	253	108 
508	370	40 
508	456	47 
508	891	129 
509	40	294 
509	1121	225 
510	828	401 
510	1501	514 
511	188	487 
511	692	329 
512	42	158 
512	187	121 
512	222	4514 
512	521	112 
512	635	483 
512	734	213 
513	53	551 
513	87	903 
513	121	5069 
513	152	561 
513	491	455 
513	839	558 
513	915	908 
513	1005	452 
513	1240	826 
514	441	498 
514	502	220 
515	426	957 
515	712	594 
515	1099	147 
516	253	180 
516	338	124 
516	411	1030 
516	460	80 
516	650	206 
517	47	25 
517	409	24 
517	723	15 
518	813	17 
518	870	41 
518	890	21 
518	1099	55 
518	1150	21 
518	1261	28 
519	24	121 
519	76	125 
519	127	567 
519	542	431 
519	986	200 
519	1020	142 
520	11	113 
520	185	160 
520	253	85 
520	659	242 
520	728	176 
521	197	139 
521	264	185 
521	332	177 
521	1085	146 
521	1152	153 
522	215	2606 
523	354	4371 
523	734	266 
524	108	122 
524	264	199 
524	289	168 
524	295	413 
524	894	330 
525	64	47 
526	12	176 
526	72	105 
526	213	190 
526	317	218 
527	161	5257 
527	742	154 
527	1173	343 
527	1331	144 
528	48	68 
528	432	1533 
528	435	420 
528	1496	81 
529	66	214 
529	276	257 
530	120	1012 
530	429	765 
530	490	686 
530	1420	706 
531	82	1710 
531	149	1241 
531	150	2180 
531	421	4987 
531	536	1174 
531	577	1581 
531	1029	1182 
532	44	510 
532	624	2346 
532	727	277 
532	1454	308 
533	51	40 
533	108	2141 
533	138	72 
533	161	165 
533	429	44 
534	78	1277 
534	90	594 
534	184	402 
534	556	535 
534	806	556 
534	892	359 
534	1437	374 
535	26	332 
535	466	652 
535	480	441 
535	1488	550 
536	130	3670 
536	431	11600 
536	591	3310 
537	53	691 
537	126	758 
537	492	924 
538	351	42 
538	628	33 
538	757	42 
538	1109	22 
538	1425	19 
539	289	4412 
539	348	690 
539	1045	280 
539	1115	337 
540	48	146 
540	359	197 
540	751	388 
541	74	43 
541	150	123 
541	501	144 
541	797	67 
543	43	30 
543	44	13 
543	138	116 
543	159	102 
543	185	17 
543	521	136 
543	790	23 
544	10	769 
544	43	501 
544	1000	477 
544	1213	1664 
544	1226	2146 
544	1269	567 
545	577	570 
545	692	168 
546	758	518 
547	103	3841 
547	345	236 
547	395	82 
547	818	74 
548	48	126 
548	66	93 
548	111	65 
548	723	37 
549	111	521 
549	138	82 
549	142	59 
549	370	57 
549	1206	86 
550	18	69 
551	215	82 
551	524	47 
552	114	1327 
552	377	3471 
552	1020	747 
552	1334	1414 
553	253	412 
553	432	367 
553	787	610 
553	1034	846 
554	101	351 
554	127	204 
554	534	209 
554	723	2096 
554	736	123 
555	67	3398 
555	166	61 
555	422	70 
555	499	1987 
556	147	199 
556	219	782 
556	276	445 
557	541	978 
557	859	452 
557	1185	156 
558	161	137 
559	42	740 
559	336	230 
559	726	247 
559	895	346 
559	1061	557 
560	8	66 
560	51	229 
560	122	121 
560	128	73 
560	498	80 
561	70	36 
561	183	58 
561	780	9 
562	8	235 
562	52	1736 
562	72	4571 
562	159	134 
562	429	499 
562	518	91 
563	20	291 
563	1261	532 
563	1448	238 
564	18	2176 
564	58	261 
564	228	568 
564	258	3178 
564	1185	243 
565	117	238 
566	23	232 
566	405	114 
566	1150	172 
567	23	280 
567	96	1274 
567	222	25018 
567	1137	1347 
567	1245	202 
568	32	977 
568	108	2770 
568	289	559 
568	717	753 
568	923	841 
569	12	904 
569	48	244 
569	72	193 
569	103	229 
569	106	105 
569	215	247 
569	401	129 
569	797	168 
570	292	1283 
570	1128	1367 
571	351	2727 
571	545	6308 
571	1115	3891 
572	45	167 
573	12	2438 
573	351	1096 
573	502	1152 
574	5	381 
574	122	542 
574	370	1468 
574	390	730 
574	411	1328 
574	607	560 
575	106	131 
575	108	522 
575	215	448 
575	542	234 
576	87	2 
576	891	7 
576	1229	1 
577	16	180 
577	58	51 
577	457	174 
577	954	42 
578	108	184 
578	125	149 
578	538	156 
578	989	663 
578	1453	292 
579	111	219 
579	161	306 
579	222	650 
579	267	392 
579	295	183 
579	348	143 
579	580	542 
579	790	3111 
580	8	240 
580	130	93 
580	345	79 
581	66	179 
582	213	637 
582	627	379 
582	811	161 
583	222	1013 
583	542	370 
583	633	329 
584	703	423 
585	45	147 
585	534	159 
585	754	127 
585	1235	139 
586	108	2707 
586	130	1890 
586	151	1165 
586	742	770 
587	161	57 
587	486	94 
587	872	60 
588	20	1208 
588	78	1243 
588	504	584 
588	904	1510 
588	1231	2524 
589	103	764 
589	213	325 
589	1110	792 
590	422	8 
590	608	80 
590	692	110 
590	1366	30 
591	242	45 
591	307	139 
591	472	64 
591	723	258 
591	1075	301 
592	1	403 
592	96	211 
592	126	239 
592	315	489 
592	741	224 
592	795	267 
593	88	2 
593	109	1 
593	233	2 
593	335	1 
593	1070	2 
594	20	380 
594	56	341 
594	318	77 
594	425	34 
594	793	47 
594	906	177 
595	150	966 
595	587	1685 
596	712	1243 
596	913	1122 
596	999	328 
596	1268	167 
597	108	28 
597	126	40 
597	138	107 
597	280	76 
598	8	167 
598	113	194 
599	64	40 
599	130	157 
599	222	235 
599	257	79 
599	266	194 
599	1232	98 
600	53	115 
600	116	135 
600	351	152 
601	615	68 
601	1096	133 
602	357	4869 
602	959	840 
603	484	64 
603	1186	64 
605	29	197 
605	40	383 
605	103	11552 
605	250	511 
605	441	3042 
605	659	771 
606	87	331 
606	182	546 
606	249	375 
606	293	156 
606	338	172 
606	351	204 
606	421	974 
606	485	267 
607	32	684 
607	52	376 
607	58	307 
608	8	149 
608	1319	432 
609	725	300 
609	1244	3811 
609	1403	351 
610	29	1627 
610	1429	2374 
611	378	688 
611	580	587 
611	863	637 
611	1247	713 
612	32	27 
612	72	43 
612	185	26 
612	234	43 
612	1220	18 
613	11	3770 
613	161	10110 
613	250	792 
613	338	1641 
613	441	790 
614	13	124 
614	37	641 
614	96	138 
614	409	119 
615	85	241 
615	234	69 
615	962	113 
616	37	47 
617	5	3 
617	107	6 
617	160	3 
617	965	4 
618	754	82 
618	995	95 
619	18	306 
619	104	387 
619	222	506 
619	401	131 
620	97	518 
621	64	9 
621	90	8 
621	546	8 
621	566	12 
621	692	10 
622	161	327 
622	389	101 
622	590	343 
622	818	149 
623	97	1235 
623	103	491 
624	70	1894 
624	233	306 
624	267	223 
624	295	280 
624	633	367 
625	23	1281 
625	64	217 
625	74	317 
625	165	674 
625	217	227 
625	386	304 
625	536	246 
625	881	398 
625	1085	775 
626	282	97 
626	288	178 
627	29	111 
627	860	53 
628	451	106 
628	1401	60 
629	12	688 
629	201	375 
629	328	97 
629	430	127 
629	1400	211 
630	706	81 
630	707	43 
630	797	41 
631	8	160 
631	103	100761 
631	706	186 
633	1312	191 
633	1370	90 
634	776	2058 
635	48	317 
635	994	428 
635	1052	199 
636	698	2361 
636	1176	2000 
637	92	843 
637	94	4703 
637	108	1064 
637	395	456 
637	1052	185 
638	361	140 
638	533	213 
638	1135	129 
639	3	226 
639	173	746 
639	394	225 
639	910	352 
640	1012	245 
641	13	1368 
641	507	1393 
641	810	1222 
641	906	711 
641	1270	938 
642	57	2775 
642	387	3035 
642	1281	2242 
643	161	2239 
643	249	2737 
643	325	2354 
643	1376	3605 
643	1412	1981 
644	48	427 
644	66	306 
644	97	79 
644	159	105 
645	418	1181 
645	1442	558 
646	12	334 
646	201	373 
646	804	331 
647	42	1653 
647	45	2925 
647	359	1080 
647	366	1141 
647	790	2429 
648	8	216 
648	53	388 
648	85	212 
648	161	171 
648	317	349 
648	706	192 
648	1020	293 
649	97	705 
650	68	340 
650	186	132 
650	545	402 
651	219	211 
651	281	468 
651	304	124 
651	627	267 
651	674	533 
651	701	123 
651	725	174 
651	1016	216 
651	1181	1498 
652	107	68 
652	160	33 
652	538	75 
652	744	42 
652	844	113 
652	917	21 
653	42	1222 
653	56	823 
653	1028	2428 
653	1481	1405 
654	56	310 
654	542	960 
655	343	1023 
656	979	64 
656	1381	138 
657	34	2431 
657	853	447 
659	78	73 
659	267	86 
659	685	78 
659	693	66 
660	357	301 
660	633	133 
661	222	100 
662	65	14 
662	1257	32 
663	27	323 
663	44	581 
663	111	7133 
663	222	29856 
663	790	3523 
663	945	774 
664	66	6 
664	103	9 
664	430	30 
664	1067	2 
665	113	1254 
665	423	411 
665	587	442 
665	659	605 
665	1344	665 
666	273	601 
666	300	933 
666	351	341 
666	658	360 
667	5	16 
667	108	11 
667	186	4 
667	382	17 
667	441	11 
668	142	7218 
668	257	453 
668	276	439 
668	338	2489 
668	596	1040 
668	601	474 
668	656	480 
669	159	1654 
669	213	23859 
669	228	281 
670	42	91 
670	68	129 
670	103	5554 
670	395	51 
670	554	49 
671	72	86 
671	108	1054 
671	213	156 
671	420	131 
671	804	66 
671	1280	84 
672	32	60 
672	85	225 
672	441	211 
673	25	740 
673	32	1916 
673	213	475 
673	361	1410 
673	487	268 
674	975	447 
675	9	2299 
675	701	3158 
675	1056	2986 
675	1248	2224 
676	411	96 
676	538	80 
676	646	414 
677	48	205 
677	217	456 
677	765	176 
677	1209	179 
677	1253	209 
678	1300	320 
678	1383	489 
678	1498	293 
679	72	10368 
679	350	77 
680	724	1392 
680	1288	500 
680	1335	3661 
680	1359	2392 
681	97	550 
681	234	340 
681	295	95 
682	210	5955 
682	345	1553 
682	369	1342 
682	374	4616 
682	415	3644 
682	468	2654 
682	720	11351 
682	757	1740 
683	981	316 
683	1270	347 
684	987	92 
684	1474	82 
685	8	507 
685	197	337 
685	288	387 
685	839	70 
685	1074	85 
686	115	85 
686	249	91 
686	407	53 
686	1062	56 
686	1444	38 
687	70	437 
687	131	230 
688	72	414 
689	244	102 
690	11	432 
690	40	292 
690	108	167 
690	487	253 
690	804	5296 
691	884	189 
692	402	1856 
693	66	582 
693	481	123 
693	536	135 
693	1456	92 
694	40	49 
694	370	56 
695	93	35 
695	108	69 
695	547	32 
695	565	43 
695	959	66 
696	140	599 
696	255	134 
696	319	123 
696	342	118 
696	428	86 
697	160	1186 
697	325	888 
698	70	362 
698	342	130 
698	826	194 
700	736	28 
701	103	695 
701	124	106 
701	185	356 
701	215	131 
701	296	189 
702	173	232 
702	377	156 
702	415	102 
702	832	263 
703	999	641 
703	1313	356 
704	222	137 
704	419	29 
704	1417	157 
705	4	270 
705	24	158 
705	66	164 
705	159	135 
705	985	135 
706	41	1064 
706	683	472 
706	1270	509 
706	1328	470 
707	37	4196 
707	53	3921 
707	86	984 
707	113	594 
707	492	960 
707	785	288 
708	151	1720 
708	159	428 
708	161	1354 
708	395	197 
708	882	518 
708	1047	267 
709	8	298 
709	103	218 
709	264	222 
709	351	374 
709	679	5918 
709	749	1797 
709	1399	168 
710	483	6 
711	577	3216 
711	656	1422 
711	1435	831 
712	45	158 
712	439	584 
712	947	112 
714	54	118 
714	150	290 
714	218	230 
714	295	103 
714	947	112 
714	1187	123 
715	113	6219 
715	221	3669 
715	347	1347 
715	784	5808 
715	1150	1388 
715	1372	1361 
716	108	142 
716	161	275 
716	213	467 
716	792	203 
717	366	339 
717	456	342 
717	545	416 
717	586	339 
718	9	201 
718	100	432 
718	525	175 
718	1160	292 
719	32	303 
719	128	55 
719	130	232 
719	159	633 
719	266	47 
719	491	99 
719	1220	25 
720	686	164 
721	1196	372 
723	164	311 
723	317	341 
723	475	337 
724	1156	973 
725	28	2582 
725	144	31594 
725	524	3070 
725	885	10085 
725	969	3640 
726	36	1292 
726	173	909 
726	402	2204 
726	458	2491 
727	412	636 
727	626	930 
727	653	1391 
727	688	1663 
728	72	136 
728	159	423 
728	213	539 
728	217	487 
728	370	168 
728	706	192 
728	834	2425 
728	1162	539 
729	212	10673 
729	593	435 
729	807	847 
730	107	7204 
730	108	12541 
730	217	5150 
730	367	2927 
730	370	8767 
730	441	11237 
730	832	4937 
730	922	1653 
731	1204	184 
732	130	418 
733	154	107 
733	1167	87 
734	534	2534 
735	222	2786 
735	1261	2552 
736	122	1057 
736	488	289 
736	787	335 
736	969	934 
737	1423	1198 
738	48	118 
738	66	822 
738	111	561 
738	189	107 
738	217	184 
738	716	116 
738	769	402 
738	804	240 
739	4	4314 
739	65	966 
739	221	2178 
740	534	123 
740	552	155 
740	1236	72 
741	18	157 
741	183	287 
741	759	146 
742	37	1384 
742	113	286 
742	139	57 
742	534	95 
742	784	48 
742	1006	53 
742	1459	41 
743	92	59 
743	348	127 
743	576	51 
743	1023	61 
743	1329	121 
743	1475	53 
744	998	41 
745	48	1 
745	122	2 
745	320	19 
745	1108	48 
746	173	98 
746	566	397 
746	1197	183 
747	1055	55 
747	1058	73 
748	49	146 
748	51	298 
748	456	132 
748	536	137 
748	1045	177 
748	1086	100 
748	1164	68 
749	574	28 
749	1189	41 
750	37	181 
750	374	207 
750	898	209 
751	150	1232 
751	228	535 
751	317	310 
752	121	519 
752	139	415 
752	892	2804 
752	983	180 
752	1005	1600 
752	1146	610 
753	149	14 
753	334	66 
753	656	48 
754	448	271 
754	539	206 
754	813	145 
754	1038	208 
755	804	73 
756	6	288 
756	1020	398 
757	44	471 
757	54	324 
757	116	838 
757	264	1246 
758	317	112 
758	1189	352 
758	1252	89 
759	150	1532 
759	745	203 
759	1015	212 
759	1240	311 
759	1241	1286 
761	118	38 
761	419	67 
761	870	37 
762	8	456 
762	228	250 
762	328	164 
762	723	461 
762	742	398 
763	731	76 
764	29	1421 
764	68	23 
764	72	2260 
764	130	104 
764	660	42 
766	5	155 
766	151	283 
766	460	1715 
766	1341	709 
767	48	77 
767	72	116 
767	173	80 
767	213	66 
767	662	224 
767	839	221 
767	917	63 
768	103	890 
768	211	46 
768	250	61 
768	338	72 
768	955	74 
769	264	55 
769	492	11 
769	526	14 
769	565	18 
769	816	12 
769	1365	10 
770	536	204 
770	577	302 
771	48	289 
771	409	203 
771	481	84 
771	593	85 
771	1275	89 
772	48	695 
772	891	615 
772	1183	126 
773	27	487 
773	113	1813 
773	178	71 
773	494	451 
773	877	125 
773	1004	102 
774	580	6 
774	644	6 
775	60	195 
775	164	204 
775	178	875 
775	542	172 
775	692	94 
776	677	234 
776	848	220 
776	1312	611 
777	72	700 
777	508	366 
777	510	88 
777	654	4674 
778	154	39 
778	225	38 
778	335	27 
778	568	60 
779	45	438 
779	444	4363 
779	608	448 
779	641	290 
779	737	296 
780	107	520 
780	390	178 
780	493	229 
780	775	729 
781	310	493 
781	535	701 
781	839	4256 
783	647	431 
783	765	334 
783	924	241 
783	1114	239 
784	8	293 
784	389	355 
784	798	362 
784	899	219 
784	1265	823 
785	85	1732 
785	108	553 
785	125	232 
785	160	3864 
785	213	1067 
785	338	771 
786	3	767 
786	53	314 
786	78	283 
786	624	504 
787	43	238 
787	78	73 
787	596	211 
787	1195	125 
788	82	324 
788	164	33 
788	462	1008 
788	539	347 
788	743	37 
788	813	164 
788	1502	30 
789	40	129 
789	124	191 
789	149	393 
789	219	138 
789	484	101 
789	718	243 
789	869	396 
789	1170	395 
790	284	267 
790	357	195 
790	406	688 
790	428	147 
791	978	367 
791	995	458 
793	131	137 
793	184	120 
793	1309	339 
793	1336	196 
794	562	1 
794	1035	1 
794	1307	5 
795	325	247 
795	464	103 
795	475	98 
795	1351	72 
796	82	2827 
796	289	1827 
796	441	423 
796	665	965 
796	1009	2438 
796	1269	1808 
796	1431	907 
797	12	1115 
797	108	1435 
797	151	2309 
797	186	618 
797	432	1201 
797	899	729 
798	1149	103 
798	1219	145 
799	308	480 
799	398	278 
799	453	273 
799	850	324 
799	1365	842 
800	70	1051 
800	89	1423 
800	342	1735 
801	72	634 
801	493	48 
802	70	127 
802	376	331 
803	87	284 
803	222	388 
803	527	337 
803	932	324 
803	945	971 
804	490	75 
804	652	113 
804	930	609 
805	153	915 
805	1483	1213 
806	189	230 
806	418	198 
806	596	990 
806	804	653 
806	889	338 
806	1465	226 
807	107	1068 
807	464	852 
808	103	4605 
808	211	202 
808	350	86 
808	359	193 
808	510	93 
809	447	406 
809	662	84 
810	72	31 
810	249	16 
810	400	21 
810	524	317 
811	108	81 
811	185	74 
811	599	287 
812	72	144 
812	108	113 
812	151	29 
812	234	209 
812	441	149 
812	553	140 
812	1131	126 
813	53	121 
813	1066	195 
814	140	16739 
814	319	1257 
814	630	1787 
814	767	3624 
815	995	138 
816	258	550 
816	345	161 
816	607	287 
816	753	405 
817	24	427 
817	295	911 
817	562	1671 
817	724	1079 
818	87	720 
818	264	1464 
818	930	330 
818	1305	594 
819	130	999 
819	370	795 
819	557	1046 
819	1126	981 
820	77	291 
820	108	196 
820	656	3092 
820	1212	532 
821	139	261 
821	1266	264 
822	983	1043 
822	1010	898 
822	1454	345 
823	213	546 
823	350	83 
823	602	96 
823	758	113 
824	244	324 
824	673	207 
824	675	64 
824	804	188 
825	9	319 
825	12	376 
825	18	125 
825	72	288 
825	103	43647 
825	751	77 
825	823	92 
826	57	389 
826	62	1208 
826	232	407 
826	373	197 
826	890	359 
826	1020	777 
827	88	1136 
827	786	2051 
827	976	413 
827	1242	1139 
828	272	96 
828	510	134 
829	66	5073 
829	1011	930 
829	1358	1108 
830	480	492 
830	599	664 
830	1291	606 
830	1429	2139 
831	111	659 
831	154	896 
832	5	185 
832	804	195 
833	111	2044 
833	114	744 
833	225	788 
833	368	611 
833	629	504 
833	1070	516 
834	351	1068 
834	377	925 
834	431	944 
834	749	1404 
836	441	1564 
836	775	1198 
837	3	226 
837	54	275 
837	77	247 
837	127	837 
837	263	309 
837	790	2325 
837	809	351 
838	24	848 
838	48	405 
838	51	1479 
838	194	391 
839	498	82 
839	1365	123 
840	1307	116 
841	749	503 
841	1078	445 
842	87	252 
842	182	54 
843	37	4551 
843	56	42 
844	10	199 
844	150	192 
844	342	229 
844	366	465 
844	813	270 
844	1342	224 
845	53	317 
845	140	371 
845	284	397 
845	317	1725 
845	452	112 
845	648	150 
845	716	190 
845	745	400 
845	1224	164 
847	48	2188 
847	407	780 
847	872	1273 
847	1453	850 
848	48	800 
848	107	97 
848	130	213 
848	159	94 
849	65	1351 
849	422	1461 
849	790	156 
849	1279	115 
850	579	113 
850	605	118 
852	54	926 
852	66	392 
852	267	267 
852	295	1065 
852	723	421 
852	839	779 
853	58	120 
853	103	590 
853	249	8355 
853	488	86 
853	518	2273 
853	541	61 
854	203	198 
854	345	228 
854	469	150 
854	529	581 
854	813	263 
854	1029	167 
854	1406	302 
855	48	1237 
855	97	807 
855	124	610 
855	161	1020 
855	441	2448 
856	107	385 
856	253	101 
856	429	264 
857	228	306 
857	232	188 
857	317	696 
857	418	240 
857	721	318 
857	725	468 
857	790	241 
857	828	208 
857	832	420 
857	1476	456 
858	103	16391 
858	122	214 
858	429	42 
859	5	321 
859	159	262 
859	215	140 
859	228	374 
859	487	423 
859	1173	196 
860	159	510 
860	662	363 
860	952	299 
861	18	895 
861	72	85 
861	234	109 
861	721	181 
861	1071	71 
862	173	141 
862	222	212 
862	288	218 
862	375	99 
862	432	101 
862	434	108 
863	0	322 
863	357	206 
864	65	1042 
864	264	595 
865	157	435 
865	186	190 
865	216	162 
865	688	184 
866	722	19 
867	40	62 
867	160	44 
867	441	84 
867	535	142 
867	560	28 
867	663	41 
867	716	182 
868	103	712 
868	107	769 
868	142	192 
868	1218	635 
869	19	1250 
869	78	1207 
869	324	401 
869	404	476 
869	515	590 
869	870	1214 
869	1015	536 
870	58	109 
870	108	1939 
870	1316	681 
871	24	231 
871	670	176 
872	95	35 
872	113	7 
872	716	19 
873	3	469 
873	88	467 
873	173	1370 
873	225	1225 
873	984	409 
873	1094	1695 
873	1401	532 
873	1499	408 
874	1238	736 
875	228	197 
875	249	562 
875	475	192 
875	587	430 
877	151	13 
877	161	54 
877	411	16 
877	754	17 
878	103	3892 
878	176	451 
878	186	635 
878	325	166 
878	361	486 
879	48	752 
879	228	124 
879	630	123 
880	45	247 
880	88	388 
880	342	916 
880	385	302 
880	444	441 
880	704	799 
880	1211	1565 
881	104	724 
881	325	147 
881	499	146 
882	295	388 
882	343	811 
882	603	884 
883	216	599 
883	229	201 
884	491	5 
885	5	377 
885	124	272 
885	130	285 
885	441	526 
885	467	778 
886	725	131 
887	1379	1 
888	3	291 
888	413	346 
888	429	610 
888	793	480 
888	995	366 
889	45	84 
889	92	188 
889	135	419 
889	345	43 
889	378	228 
890	18	8987 
890	108	338 
890	213	284 
890	250	791 
890	431	141 
890	432	197 
890	484	123 
891	173	698 
891	491	1402 
891	1167	1000 
892	1359	240 
893	134	240 
893	199	185 
893	266	259 
893	357	641 
893	635	1375 
893	832	490 
894	666	401 
895	5	94 
895	45	716 
895	211	122 
895	328	277 
895	797	202 
896	173	135 
896	197	161 
896	528	159 
896	902	359 
896	1261	1777 
897	386	388 
897	1179	60 
898	1142	435 
899	116	990 
899	295	223 
899	536	1205 
899	800	234 
899	859	186 
899	1181	191 
900	9	143 
900	619	253 
901	130	1027 
902	43	721 
902	140	1595 
902	269	284 
902	1060	1389 
902	1080	168 
903	317	100 
904	116	386 
904	523	144 
904	1254	129 
905	187	181 
905	222	645 
905	624	284 
906	336	1396 
906	1177	594 
906	1310	515 
907	60	34 
907	100	10 
907	214	53 
907	277	134 
907	334	20 
907	657	32 
908	44	375 
908	179	572 
908	307	142 
908	614	80 
908	671	713 
908	813	480 
908	1368	201 
909	217	235 
909	806	619 
910	29	6678 
910	68	1180 
910	85	1056 
910	142	2574 
910	185	636 
910	213	1432 
910	384	7489 
911	58	394 
911	66	688 
911	92	417 
911	390	1562 
911	396	456 
911	441	4521 
911	744	256 
912	754	55 
912	1066	104 
913	18	17 
913	250	28 
913	253	11 
913	287	7 
914	8	968 
914	266	2158 
914	374	2573 
914	437	1500 
914	587	2864 
914	827	1581 
915	85	635 
915	250	52 
915	588	275 
915	590	39 
916	72	240 
916	107	8222 
916	232	565 
916	370	271 
916	396	172 
916	619	236 
916	634	226 
917	116	182 
917	225	105 
917	536	97 
917	628	216 
917	1025	121 
917	1253	305 
918	253	307 
918	571	569 
918	642	181 
919	31	81 
919	799	148 
919	1417	569 
920	228	38 
921	548	481 
921	1449	2234 
922	370	63 
922	541	65 
922	1447	42 
923	102	2490 
924	57	118 
924	74	84 
924	131	223 
924	186	76 
924	317	213 
924	404	115 
924	1204	127 
925	215	1407 
925	299	233 
925	465	89 
925	1203	122 
926	660	777 
927	72	2554 
927	571	4287 
927	1120	1463 
927	1173	1775 
927	1207	1383 
927	1322	1382 
928	870	100 
928	1032	77 
929	150	160 
929	310	316 
929	352	712 
929	983	893 
930	43	6627 
930	1258	4124 
931	792	506 
931	859	459 
931	905	639 
931	1412	349 
932	8	2493 
932	12	1070 
932	429	1401 
933	48	23961 
933	688	7867 
933	865	1034 
933	1123	1183 
935	105	887 
935	217	854 
935	984	619 
936	107	247 
936	182	225 
936	790	1042 
936	848	270 
936	1091	283 
936	1190	223 
936	1217	439 
937	163	857 
937	179	1698 
938	768	83 
938	870	61 
940	222	40 
940	777	33 
941	26	164 
941	402	44 
941	1111	73 
942	291	356 
942	382	865 
942	1173	514 
943	8	147 
943	258	185 
943	624	2360 
943	742	540 
943	1086	2628 
944	222	944 
944	361	306 
944	486	90 
944	850	78 
945	1006	265 
945	1367	490 
946	8	33 
947	9	24 
947	294	34 
947	358	298 
947	778	25 
947	843	17 
947	1055	231 
948	82	2129 
948	131	370 
948	295	477 
948	708	101 
949	6	3106 
949	113	12151 
949	191	7835 
949	467	2954 
949	517	1236 
949	639	2641 
950	150	792 
950	197	680 
950	261	1203 
950	339	608 
950	458	2083 
951	1474	23 
952	348	705 
952	439	539 
952	674	879 
952	1241	804 
953	881	170 
954	482	150 
955	806	72 
955	818	19 
955	1153	123 
956	90	124 
956	393	458 
956	398	140 
956	974	166 
956	1406	289 
956	1481	176 
957	140	4650 
957	404	397 
958	38	416 
958	67	1158 
958	324	168 
958	616	222 
958	990	202 
959	72	357 
959	738	212 
959	1405	799 
960	164	445 
960	302	349 
960	773	311 
961	27	144 
961	264	75 
962	383	341 
963	80	779 
963	161	1183 
963	213	908 
963	215	2882 
963	590	850 
963	962	815 
964	120	1884 
964	189	308 
964	334	484 
964	1000	340 
964	1402	659 
965	66	1939 
965	107	1384 
965	108	17827 
965	161	3520 
965	250	344 
966	98	193 
966	1012	80 
967	250	108 
967	447	82 
967	815	197 
967	1019	226 
968	9	120 
968	147	411 
968	185	265 
968	844	179 
968	1121	209 
969	267	686 
969	345	415 
969	812	4734 
969	1114	1028 
970	222	324 
970	565	171 
971	51	175 
971	138	186 
971	249	257 
971	384	170 
971	818	187 
971	1284	147 
972	92	857 
972	604	146 
972	862	395 
973	142	11844 
973	536	1985 
973	929	1892 
973	1170	3887 
974	187	134 
974	208	158 
974	469	82 
975	82	2005 
975	120	11350 
975	138	4158 
975	161	81 
975	1435	80 
976	441	208 
977	478	709 
979	187	45 
980	354	14 
980	993	10 
981	10	116 
981	186	47 
981	823	59 
982	20	3534 
982	23	1874 
982	229	2000 
982	334	1962 
982	542	1349 
982	562	2154 
983	580	219 
983	987	166 
984	53	635 
984	58	1045 
984	265	380 
984	317	250 
984	345	582 
984	361	133 
984	377	247 
984	432	251 
985	1500	1026 
986	250	70 
986	547	153 
987	18	162 
987	113	2017 
987	526	366 
987	776	415 
988	1222	860 
989	85	207 
989	103	174 
989	108	878 
989	123	16 
989	286	1 
990	78	1453 
991	725	223 
991	914	1782 
992	488	138 
993	183	850 
993	266	822 
994	18	513 
994	213	3625 
994	969	79 
994	1210	52 
995	172	223 
995	647	282 
995	1253	202 
996	76	131 
996	150	154 
996	566	79 
996	1277	107 
997	19	142 
997	562	670 
997	742	203 
997	749	277 
997	963	188 
997	1405	265 
998	166	497 
998	499	416 
998	523	201 
998	539	1021 
999	101	183 
999	300	347 
999	1299	142 
1000	1138	218 
1000	1364	1393 
1002	1102	1318 
1002	1137	353 
1003	732	1 
1003	955	1 
1004	32	579 
1005	40	11 
1005	72	5 
1005	110	8 
1005	151	5 
1005	338	6 
1005	891	5 
1005	1455	19 
1006	135	316 
1006	139	212 
1006	244	225 
1006	686	387 
1007	151	261 
1007	159	486 
1007	390	2310 
1007	798	441 
1008	255	803 
1008	334	1277 
1008	386	553 
1009	111	417 
1009	1040	201 
1010	1427	1274 
1011	3	431 
1011	503	379 
1011	608	387 
1012	161	216 
1012	215	2220 
1012	234	655 
1012	251	198 
1012	718	96 
1012	1198	431 
1013	12	1518 
1013	39	450 
1013	370	423 
1013	880	1127 
1014	310	3566 
1014	476	1870 
1014	508	697 
1014	1295	167 
1015	754	162 
1017	565	31 
1018	302	210 
1018	539	387 
1018	1222	108 
1018	1313	127 
1019	727	95 
1020	187	1 
1021	107	357 
1021	113	207 
1021	213	521 
1021	290	544 
1021	373	239 
1022	52	536 
1022	68	1006 
1022	72	651 
1022	475	357 
1022	541	848 
1022	1215	1281 
1023	115	586 
1023	216	475 
1023	263	546 
1023	518	720 
1023	716	550 
1023	742	1998 
1024	85	74 
1024	125	877 
1024	234	166 
1024	430	113 
1024	535	113 
1025	260	290 
1025	351	244 
1025	659	238 
1025	864	256 
1025	929	257 
1025	1121	252 
1025	1333	285 
1026	215	602 
1026	482	64 
1026	1008	99 
1026	1366	84 
1026	1414	230 
1027	122	783 
1027	124	1147 
1027	249	1075 
1027	266	1520 
1027	460	1620 
1027	770	789 
1027	1173	922 
1027	1206	1065 
1028	45	379 
1028	74	284 
1028	469	884 
1028	945	129 
1029	37	2338 
1029	221	732 
1029	295	240 
1029	353	74 
1029	365	619 
1029	722	109 
1030	111	418 
1030	325	2187 
1030	375	542 
1031	12	601 
1032	249	716 
1032	328	873 
1032	1441	769 
1033	131	67 
1033	345	55 
1033	351	142 
1033	1093	54 
1034	243	26 
1034	278	555 
1034	357	30 
1034	1174	113 
1035	140	227 
1035	222	998 
1035	768	246 
1036	56	1293 
1036	111	1521 
1036	345	321 
1036	790	2924 
1037	26	220 
1037	1314	366 
1038	580	368 
1039	161	100 
1039	449	62 
1039	486	80 
1040	32	264 
1040	213	203 
1040	468	134 
1040	483	108 
1040	948	196 
1041	103	1950 
1041	382	360 
1041	602	152 
1042	66	1764 
1042	431	19 
1042	554	65 
1043	971	267 
1043	1061	1679 
1043	1267	186 
1044	9	112 
1044	67	309 
1044	433	122 
1044	539	143 
1044	813	75 
1044	995	86 
1044	1403	153 
1044	1463	132 
1045	68	992 
1045	160	361 
1045	310	496 
1045	365	711 
1045	581	495 
1046	48	1218 
1046	281	616 
1046	429	867 
1046	804	1089 
1047	33	950 
1047	122	1103 
1047	516	858 
1047	559	1301 
1047	659	584 
1048	33	311 
1048	264	85 
1048	591	54 
1048	649	61 
1048	713	62 
1048	890	149 
1048	1020	65 
1049	5	56 
1049	179	79 
1049	254	38 
1049	971	335 
1049	1320	173 
1050	5	978 
1050	108	1004 
1050	272	392 
1050	1249	216 
1051	3	614 
1051	116	1437 
1051	409	453 
1051	1241	403 
1052	39	2 
1052	72	21 
1052	85	7 
1052	108	16 
1052	753	16 
1053	49	47 
1053	116	80 
1053	138	244 
1053	734	239 
1054	128	331 
1054	176	306 
1054	1470	288 
1055	569	723 
1055	585	444 
1055	990	902 
1055	1138	818 
1055	1257	593 
1056	103	682 
1056	130	171 
1056	310	120 
1056	400	88 
1056	498	295 
1057	29	1 
1057	108	3 
1057	370	1 
1058	74	201 
1058	422	257 
1058	1177	256 
1059	43	1028 
1059	294	451 
1059	620	191 
1059	843	220 
1060	114	715 
1060	1224	188 
1060	1253	148 
1061	61	193 
1061	169	240 
1061	292	163 
1061	416	195 
1061	560	71 
1061	705	541 
1062	573	1584 
1063	168	1804 
1063	439	488 
1063	472	690 
1063	701	3709 
1063	1022	702 
1064	78	2770 
1064	402	652 
1064	433	734 
1064	521	2768 
1064	949	721 
1065	24	252 
1065	140	153 
1065	357	53 
1065	404	56 
1066	12	859 
1066	48	2410 
1066	122	427 
1066	338	813 
1066	650	674 
1066	742	1016 
1067	18	70 
1067	491	92 
1067	1126	81 
1068	24	806 
1068	64	961 
1068	335	311 
1068	580	264 
1068	1029	220 
1069	542	110 
1069	815	343 
1069	1066	190 
1070	44	323 
1070	1244	124 
1071	380	25 
1071	499	570 
1071	999	23 
1072	441	782 
1073	48	587 
1073	66	639 
1073	130	1584 
1073	502	919 
1073	797	200 
1073	1163	2162 
1074	14	79 
1074	138	141 
1074	195	80 
1074	627	207 
1075	48	375 
1075	70	249 
1075	92	1182 
1075	161	10130 
1075	266	293 
1075	325	826 
1075	375	414 
1075	559	1251 
1075	1173	220 
1076	187	1007 
1076	364	676 
1076	815	589 
1076	1224	633 
1076	1280	1590 
1077	4	263 
1077	77	187 
1077	847	319 
1078	108	521 
1078	114	1905 
1078	954	147 
1079	806	158 
1080	2	1164 
1080	78	7550 
1080	135	2942 
1080	187	1723 
1080	1297	686 
1081	243	882 
1081	245	1128 
1081	749	789 
1081	1324	737 
1082	70	827 
1082	233	1154 
1082	284	566 
1082	303	1511 
1082	398	452 
1082	918	558 
1082	1161	938 
1083	195	186 
1083	356	480 
1083	930	665 
1084	4	316 
1084	37	397 
1084	166	258 
1084	253	253 
1084	335	414 
1084	769	207 
1084	791	620 
1085	39	71 
1085	48	26 
1085	253	25 
1085	254	36 
1085	558	49 
1086	133	96 
1086	461	91 
1086	1286	93 
1090	10	18 
1090	127	3 
1090	150	17 
1090	581	5 
1091	142	162 
1091	183	347 
1091	404	169 
1091	1052	85 
1092	177	492 
1092	275	445 
1092	432	290 
1092	441	429 
1092	486	1139 
1092	691	433 
1093	53	264 
1093	465	195 
1094	1101	167 
1094	1377	482 
1094	1479	222 
1095	1432	417 
1096	1104	153 
1096	1184	179 
1097	127	20 
1097	404	73 
1098	963	276 
1098	986	275 
1099	103	521 
1099	213	757 
1099	228	108 
1101	716	364 
1102	159	243 
1102	161	268 
1103	186	358 
1103	474	1 
1103	1444	2 
1104	317	265 
1104	581	251 
1104	675	150 
1105	97	132 
1105	1108	686 
1105	1185	130 
1106	186	202 
1107	44	912 
1107	64	191 
1107	565	755 
1107	566	1222 
1107	1463	245 
1108	264	5 
1108	268	2 
1108	1020	2 
1109	40	304 
1109	107	13792 
1109	108	2319 
1110	76	532 
1110	305	430 
1110	821	881 
1110	954	441 
1111	140	1073 
1111	580	1768 
1112	321	594 
1112	898	648 
1113	385	2021 
1113	437	1230 
1113	569	1917 
1114	54	233 
1114	627	222 
1115	24	10 
1115	69	16 
1115	191	14 
1115	365	22 
1115	509	27 
1116	57	43 
1116	1394	30 
1117	48	3705 
1117	103	1586 
1117	441	4390 
1117	486	92 
1117	541	451 
1117	1345	403 
1118	5	736 
1118	108	1135 
1118	338	1618 
1118	498	1441 
1118	570	1388 
1118	958	821 
1118	1266	617 
1119	287	455 
1119	298	275 
1119	415	735 
1119	868	457 
1120	72	436 
1120	280	190 
1120	646	344 
1120	880	84 
1120	1209	584 
1122	362	135 
1123	141	363 
1123	150	125 
1123	154	158 
1123	444	498 
1123	806	77 
1123	849	88 
1123	1327	961 
1124	80	1042 
1124	1443	750 
1125	95	847 
1125	116	522 
1126	150	141 
1126	168	52 
1126	583	117 
1126	627	10 
1126	847	98 
1126	1231	6 
1126	1351	20 
1127	35	160 
1127	284	172 
1127	809	167 
1127	909	141 
1127	1217	229 
1128	157	1288 
1128	189	1752 
1128	712	121 
1128	801	115 
1128	939	539 
1128	1484	203 
1130	661	258 
1130	976	169 
1131	72	56 
1131	250	38 
1131	917	38 
1133	37	445 
1133	222	401 
1133	580	274 
1135	213	2103 
1135	797	658 
1135	1331	1084 
1136	5	861 
1136	48	2778 
1136	72	519 
1136	103	8633 
1136	107	649 
1136	144	363 
1136	325	594 
1136	429	446 
1136	438	722 
1136	559	562 
1136	917	395 
1137	8	347 
1137	103	372 
1137	734	398 
1137	1045	235 
1138	27	932 
1138	87	1008 
1138	189	586 
1138	386	709 
1138	431	1868 
1138	608	1007 
1138	804	687 
1138	1025	485 
1139	1191	1 
1140	106	305 
1140	113	429 
1140	221	2182 
1140	222	225 
1140	258	395 
1140	381	211 
1140	1045	232 
1140	1051	251 
1141	67	557 
1141	330	1296 
1141	702	604 
1142	60	458 
1142	82	2126 
1143	109	79 
1143	651	56 
1143	906	113 
1144	526	169 
1144	578	121 
1144	755	172 
1145	712	1517 
1145	1123	688 
1146	20	436 
1146	44	1491 
1146	45	265 
1146	82	2321 
1146	399	1821 
1146	450	351 
1146	507	476 
1146	790	397 
1146	793	3650 
1146	828	1784 
1147	29	2057 
1147	213	912 
1147	909	778 
1148	111	835 
1148	401	1194 
1148	574	639 
1149	12	415 
1149	53	265 
1149	808	4854 
1149	1020	1426 
1149	1212	547 
1150	5	579 
1150	32	20168 
1150	58	428 
1150	72	647 
1150	108	459 
1150	124	302 
1150	258	397 
1150	382	424 
1150	953	340 
1150	1173	340 
1152	157	1404 
1152	188	334 
1152	213	316 
1152	794	541 
1153	111	1013 
1153	228	4834 
1153	399	1884 
1153	458	1331 
1153	577	3314 
1153	1075	1918 
1154	151	812 
1154	174	641 
1154	437	999 
1154	536	359 
1154	876	333 
1154	890	547 
1154	1004	311 
1155	24	390 
1155	736	375 
1156	321	212 
1156	494	109 
1156	580	170 
1156	820	153 
1156	1257	113 
1156	1311	98 
1156	1489	111 
1157	186	4870 
1157	253	1418 
1157	559	185 
1157	590	437 
1158	239	100 
1158	925	761 
1158	1149	659 
1159	7	1001 
1159	82	690 
1159	111	742 
1159	128	418 
1159	150	1078 
1159	370	217 
1159	1030	422 
1160	2	38 
1160	133	4017 
1160	147	281 
1160	620	171 
1161	24	1282 
1161	187	3391 
1161	611	1195 
1161	828	1524 
1161	951	1923 
1162	254	35 
1162	275	36 
1163	85	5059 
1163	441	6017 
1163	775	1306 
1164	48	243 
1164	103	8669 
1164	215	128 
1164	441	109 
1164	502	79 
1164	1131	1802 
1165	82	268 
1165	126	374 
1165	404	616 
1165	1502	406 
1166	113	1385 
1166	159	148 
1166	959	117 
1167	108	1211 
1167	130	838 
1168	232	31 
1168	758	20 
1168	975	23 
1169	480	624 
1169	806	708 
1169	932	590 
1170	614	649 
1171	23	944 
1171	264	686 
1172	12	681 
1172	130	34 
1172	142	18 
1172	311	30 
1172	350	10 
1172	441	192 
1172	510	17 
1172	549	56 
1172	1171	32 
1173	522	1983 
1173	1206	1561 
1174	20	306 
1174	74	838 
1174	154	417 
1174	164	356 
1174	1339	203 
1175	354	297 
1175	1041	213 
1176	55	274 
1176	370	1226 
1177	78	1546 
1177	334	42 
1177	1196	43 
1177	1281	54 
1178	4	1106 
1178	588	98 
1178	955	205 
1179	76	680 
1179	415	569 
1179	695	947 
1179	776	387 
1180	864	452 
1180	1269	228 
1180	1279	249 
1181	291	681 
1181	661	9974 
1182	116	1956 
1182	127	266 
1182	222	3844 
1183	23	1718 
1183	222	1613 
1183	238	265 
1183	342	1646 
1183	542	615 
1184	23	1427 
1184	56	743 
1184	295	831 
1184	393	488 
1184	670	297 
1184	692	2376 
1185	701	272 
1185	839	114 
1185	865	179 
1185	1461	313 
1185	1480	192 
1186	40	1569 
1187	3	698 
1187	945	396 
1188	25	262 
1188	550	352 
1188	908	249 
1189	342	946 
1189	1085	231 
1190	1251	163 
1190	1460	323 
1191	25	211 
1191	53	201 
1191	108	334 
1191	142	286 
1191	215	180 
1191	622	160 
1192	92	342 
1192	97	3215 
1192	108	6469 
1192	804	1222 
1192	880	1377 
1193	140	42 
1193	291	245 
1193	847	94 
1194	12	500 
1194	232	145 
1194	258	486 
1194	587	309 
1194	590	734 
1195	166	456 
1196	58	810 
1196	72	1793 
1196	122	271 
1196	338	1126 
1196	395	1571 
1196	429	205 
1196	432	155 
1196	541	156 
1197	101	543 
1197	154	278 
1197	329	321 
1197	647	341 
1198	29	134 
1198	149	110 
1198	289	1574 
1198	441	217 
1198	1052	217 
1199	295	992 
1199	423	1312 
1199	429	1081 
1199	647	1523 
1199	662	686 
1199	777	709 
1200	581	491 
1201	1502	115 
1202	44	3589 
1202	98	2469 
1202	424	1981 
1202	950	6680 
1202	1417	2270 
1203	329	223 
1203	532	810 
1205	18	148 
1205	128	150 
1205	138	2070 
1205	228	242 
1205	580	1354 
1206	1009	2755 
1206	1230	877 
1208	36	330 
1208	60	1761 
1208	283	210 
1208	448	508 
1208	579	461 
1209	357	70 
1209	494	61 
1209	1028	146 
1210	9	60 
1210	48	42 
1210	325	12 
1210	524	3 
1211	10	827 
1211	11	679 
1211	217	1025 
1211	505	427 
1211	541	451 
1211	571	857 
1211	663	570 
1211	1173	793 
1212	429	89 
1213	1020	19 
1213	1198	5 
1214	20	147 
1214	376	161 
1214	604	253 
1214	742	73 
1214	1384	180 
1214	1425	163 
1215	53	129 
1215	113	1436 
1215	131	87 
1215	521	33 
1215	542	171 
1215	828	46 
1216	565	36 
1216	1010	37 
1218	42	134 
1218	116	38 
1218	392	65 
1218	426	123 
1218	819	30 
1218	1085	21 
1219	44	7 
1219	135	80 
1219	373	25 
1219	429	18 
1219	886	16 
1219	1355	62 
1220	29	5379 
1220	107	3151 
1220	201	1312 
1220	338	1490 
1220	432	534 
1220	642	1027 
1220	742	809 
1221	43	34 
1221	883	51 
1222	154	33 
1222	686	27 
1222	806	32 
1222	1238	29 
1223	330	495 
1223	948	185 
1223	1165	225 
1223	1422	940 
1224	8	431 
1224	85	855 
1224	213	390 
1225	24	88 
1225	307	507 
1225	1195	1097 
1226	18	778 
1226	72	1248 
1226	186	972 
1227	5	615 
1227	29	143 
1227	103	548 
1227	125	418 
1227	211	318 
1227	280	222 
1227	541	370 
1228	40	283 
1228	370	3519 
1228	429	214 
1228	522	664 
1229	1018	149 
1229	1094	260 
1229	1158	164 
1230	195	135 
1230	205	139 
1231	103	270 
1232	12	528 
1232	158	51 
1232	366	235 
1232	386	46 
1232	524	59 
1232	829	62 
1233	130	149 
1233	407	158 
1234	131	256 
1234	135	339 
1234	140	115 
1234	264	609 
1235	118	134 
1235	225	624 
1235	720	209 
1235	840	327 
1236	54	551 
1236	797	462 
1236	1286	765 
1237	64	294 
1237	82	667 
1237	307	499 
1237	402	292 
1237	462	301 
1237	529	597 
1237	839	2859 
1237	1244	391 
1237	1361	283 
1238	108	114 
1238	434	152 
1238	609	375 
1238	653	270 
1239	310	119 
1239	1392	95 
1240	251	1519 
1241	213	218 
1241	456	574 
1241	847	354 
1241	1453	200 
1242	19	171 
1242	875	311 
1242	992	332 
1242	1247	503 
1243	160	219 
1243	234	984 
1243	296	891 
1243	1412	651 
1244	20	121 
1244	84	10 
1244	173	748 
1244	345	26 
1244	964	6 
1245	29	1510 
1245	66	370 
1245	130	6211 
1245	370	32080 
1245	1113	487 
1246	462	5 
1247	781	585 
1247	1454	425 
1248	149	171 
1248	914	262 
1248	1211	831 
1249	72	294 
1249	590	1219 
1249	1126	148 
1250	811	3982 
1250	812	634 
1250	1204	706 
1251	9	52 
1251	65	51 
1251	330	466 
1251	402	49 
1251	426	79 
1251	462	85 
1252	18	147 
1252	37	406 
1252	140	214 
1252	221	303 
1252	565	168 
1252	580	321 
1252	1065	158 
1252	1356	153 
1253	682	2401 
1254	451	270 
1254	792	252 
1254	793	313 
1254	1478	258 
1255	112	1568 
1255	289	1541 
1255	642	919 
1256	1086	2099 
1258	53	171 
1258	58	70 
1258	130	100 
1258	516	143 
1258	744	48 
1258	1331	185 
1259	476	134 
1259	505	186 
1259	1147	172 
1260	5	1094 
1260	159	635 
1260	177	801 
1260	185	1101 
1260	234	1283 
1260	382	504 
1260	460	664 
1261	48	698 
1261	213	6242 
1261	234	632 
1261	663	430 
1261	934	312 
1262	85	90 
1262	160	86 
1262	234	81 
1262	891	331 
1263	135	235 
1263	242	71 
1263	730	66 
1263	881	122 
1264	31	1334 
1264	40	318 
1264	45	295 
1264	135	427 
1264	166	198 
1264	288	756 
1264	289	187 
1264	334	462 
1265	111	172 
1265	135	94 
1265	804	113 
1265	950	122 
1266	20	707 
1267	9	12 
1267	64	19 
1267	203	33 
1267	392	16 
1267	433	46 
1268	97	1411 
1268	476	69 
1269	42	90 
1269	697	203 
1269	1411	176 
1270	340	410 
1270	544	430 
1270	828	269 
1270	931	359 
1271	64	350 
1272	68	478 
1272	215	608 
1272	382	128 
1273	535	719 
1273	1429	53 
1274	293	855 
1275	53	64 
1275	802	44 
1275	865	257 
1276	108	83 
1276	269	311 
1277	146	128 
1277	207	139 
1277	288	102 
1277	813	129 
1278	215	293 
1279	766	108 
1279	950	56 
1280	5	10 
1280	103	11 
1280	257	45 
1280	310	12 
1280	430	47 
1280	486	22 
1280	510	23 
1281	114	163 
1281	189	350 
1281	724	274 
1281	1402	192 
1282	494	236 
1282	1368	165 
1283	249	454 
1283	250	179 
1283	395	435 
1283	650	192 
1283	751	598 
1283	798	402 
1284	839	1057 
1285	173	89 
1286	419	287 
1286	967	371 
1286	1258	300 
1286	1448	380 
1287	130	351 
1287	310	448 
1287	538	1007 
1288	222	656 
1288	523	636 
1289	5	138 
1289	228	100 
1289	432	262 
1289	441	135 
1289	467	255 
1289	808	72 
1291	490	205 
1291	507	1100 
1291	570	241 
1291	995	650 
1291	1002	388 
1291	1075	263 
1292	568	494 
1292	681	526 
1292	806	492 
1293	165	1192 
1293	173	853 
1293	1070	848 
1294	75	571 
1294	264	700 
1294	494	1147 
1295	90	399 
1295	173	528 
1295	1384	894 
1296	420	264 
1297	37	140 
1298	27	104 
1298	977	170 
1298	1327	262 
1299	186	162 
1299	1024	132 
1299	1494	226 
1300	502	427 
1301	317	93 
1301	428	14 
1301	562	242 
1302	12	87 
1302	66	51 
1302	395	105 
1303	108	86 
1303	386	92 
1303	1485	93 
1305	161	133 
1305	365	117 
1305	644	107 
1305	787	413 
1305	1294	208 
1306	32	255 
1306	989	595 
1307	23	272 
1307	56	211 
1307	116	466 
1307	238	27 
1307	745	88 
1307	764	120 
1307	790	378 
1308	33	3274 
1308	62	1812 
1308	159	1505 
1308	190	419 
1308	513	2019 
1308	807	588 
1308	890	361 
1310	376	109 
1310	569	149 
1310	994	315 
1312	14	122 
1313	21	26 
1313	111	95 
1313	264	521 
1314	395	189 
1314	420	23 
1314	429	98 
1315	143	65 
1315	1148	123 
1315	1252	66 
1316	189	1312 
1316	266	368 
1316	368	326 
1317	228	252 
1317	260	2780 
1317	325	159 
1318	376	277 
1318	507	599 
1318	1346	554 
1319	289	3875 
1320	11	2330 
1320	370	1767 
1320	1354	2264 
1321	60	804 
1321	64	1034 
1321	82	421 
1321	402	28851 
1321	727	536 
1321	799	426 
1321	941	527 
1322	48	1247 
1322	160	3843 
1322	370	1509 
1322	804	260 
1322	917	388 
1322	1170	497 
1323	542	61 
1324	130	526 
1324	536	1071 
1324	759	465 
1324	966	158 
1325	56	21 
1325	106	82 
1325	150	18 
1325	521	24 
1326	77	166 
1326	87	147 
1326	138	244 
1326	1358	273 
1327	64	89 
1327	376	74 
1327	480	148 
1328	29	681 
1328	32	2147 
1328	103	2311 
1328	108	2975 
1328	125	3814 
1328	522	2226 
1329	48	72 
1329	78	83 
1329	277	70 
1329	378	92 
1329	380	80 
1329	608	87 
1330	70	52 
1330	1196	221 
1331	173	234 
1331	633	313 
1331	906	332 
1331	1204	376 
1332	65	25 
1332	161	805 
1332	164	99 
1332	460	47 
1332	536	422 
1332	1212	410 
1333	279	91 
1333	869	58 
1334	257	934 
1334	662	291 
1335	214	307 
1335	1244	336 
1336	286	1 
1336	1312	1 
1337	31	157 
1337	66	243 
1337	316	225 
1337	546	218 
1337	924	829 
1338	108	112 
1338	213	180 
1338	258	72 
1338	289	220 
1338	636	67 
1338	1020	140 
1339	415	349 
1339	629	207 
1339	837	238 
1339	868	212 
1340	527	57 
1341	1495	185 
1342	24	178 
1342	295	34 
1342	377	104 
1343	1196	547 
1343	1382	676 
1344	127	292 
1344	140	401 
1345	500	1446 
1345	1026	11698 
1345	1137	6866 
1346	222	257 
1346	1451	180 
1347	12	1713 
1347	213	664 
1347	310	519 
1348	11	402 
1348	18	568 
1348	1128	386 
1349	370	199 
1350	49	916 
1350	74	649 
1350	173	1534 
1350	289	815 
1350	504	858 
1351	37	1394 
1351	247	371 
1351	514	650 
1351	1370	433 
1351	1478	206 
1352	40	127 
1352	103	600 
1352	125	128 
1352	215	130 
1352	249	53 
1352	266	357 
1352	310	436 
1352	338	106 
1352	441	347 
1352	476	52 
1352	502	77 
1353	1414	545 
1354	3	435 
1354	95	199 
1354	385	130 
1354	565	130 
1354	730	73 
1355	219	4323 
1355	861	949 
1355	1000	1080 
1355	1137	2397 
1355	1303	2963 
1356	146	453 
1356	337	616 
1356	786	2026 
1356	1003	654 
1357	0	346 
1357	31	319 
1357	289	453 
1357	410	442 
1357	1213	349 
1357	1361	331 
1358	179	101 
1358	213	12312 
1358	448	319 
1358	1031	1009 
1359	723	212 
1361	159	3407 
1361	325	1092 
1363	124	85 
1363	798	255 
1363	872	169 
1363	1163	177 
1364	102	1236 
1364	1204	373 
1365	234	229 
1365	619	700 
1365	763	213 
1366	1353	29 
1367	18	206 
1367	42	420 
1367	498	339 
1367	1296	172 
1368	5	843 
1368	32	821 
1368	55	822 
1368	84	719 
1368	389	1140 
1369	2	1211 
1369	760	732 
1370	462	639 
1370	579	228 
1370	1432	508 
1371	541	755 
1371	1215	470 
1372	263	413 
1372	412	151 
1372	596	207 
1372	929	224 
1373	44	159 
1373	961	64 
1374	786	344 
1374	1409	202 
1375	184	275 
1375	563	219 
1375	1251	236 
1376	8	25 
1376	101	33 
1376	494	73 
1377	187	773 
1377	288	1243 
1377	307	2546 
1379	1415	559 
1381	221	2002 
1381	429	380 
1382	11	58 
1382	18	448 
1382	159	982 
1382	414	70 
1382	420	71 
1382	502	722 
1382	541	319 
1384	366	1125 
1384	566	2056 
1384	790	350 
1385	23	512 
1385	679	29 
1385	1243	74 
1386	756	351 
1387	547	403 
1388	163	16 
1388	400	16 
1389	71	121 
1389	655	155 
1389	1332	165 
1390	154	295 
1390	421	300 
1390	574	370 
1390	577	251 
1390	1098	262 
1391	23	466 
1391	111	765 
1393	48	276 
1393	94	1452 
1393	103	453 
1393	359	703 
1393	847	166 
1394	187	33 
1394	667	25 
1394	828	34 
1394	906	32 
1395	80	14 
1395	588	17 
1395	783	14 
1396	42	246 
1396	81	1797 
1396	264	775 
1396	633	412 
1397	277	189 
1397	1010	199 
1397	1182	183 
1397	1195	551 
1397	1231	244 
1397	1431	440 
1398	161	27 
1399	258	862 
1399	267	842 
1399	962	1255 
1400	173	1208 
1400	221	128 
1400	264	235 
1400	747	6713 
1400	1243	83 
1401	15	365 
1401	318	328 
1401	669	140 
1402	116	97 
1402	317	530 
1402	1056	50 
1403	13	87 
1403	164	174 
1403	222	131 
1403	419	81 
1403	427	653 
1403	514	236 
1403	669	72 
1404	103	374 
1404	596	20 
1404	952	36 
1405	18	1088 
1406	225	428 
1406	645	458 
1407	1051	260 
1408	5	245 
1408	32	7000 
1408	46	1225 
1408	108	3457 
1408	281	312 
1408	449	297 
1408	475	1265 
1409	331	736 
1409	640	1096 
1410	186	11 
1410	1077	22 
1410	1473	4 
1411	429	13 
1411	1207	64 
1412	161	1506 
1412	338	2286 
1412	742	6769 
1412	859	737 
1413	108	1222 
1413	159	361 
1413	161	1358 
1413	234	346 
1414	19	441 
1414	22	767 
1414	219	689 
1414	614	345 
1414	1366	494 
1415	173	2114 
1415	183	602 
1415	217	577 
1415	749	1035 
1415	958	4043 
1415	1506	922 
1416	437	121 
1416	1018	33 
1416	1274	182 
1417	45	538 
1417	65	420 
1417	423	352 
1418	925	172 
1419	809	555 
1419	844	397 
1420	5	155 
1420	122	328 
1420	865	545 
1421	41	2069 
1421	740	1305 
1422	161	849 
1422	653	135 
1423	64	528 
1423	116	131 
1424	95	138 
1425	1416	25 
1426	42	129 
1426	90	79 
1426	146	69 
1426	264	57 
1426	347	39 
1426	580	185 
1427	116	484 
1427	259	1621 
1427	743	382 
1428	33	143 
1428	35	113 
1428	54	353 
1428	165	721 
1428	317	790 
1428	329	603 
1428	342	199 
1429	74	477 
1429	78	602 
1429	342	78 
1429	366	1972 
1429	1419	61 
1430	10	323 
1431	496	108 
1431	708	341 
1432	43	367 
1432	65	169 
1432	451	120 
1432	462	531 
1433	53	199 
1433	336	200 
1434	143	37 
1434	242	59 
1434	307	82 
1434	477	64 
1434	1371	74 
1435	373	881 
1435	503	366 
1436	142	167 
1436	224	70 
1436	296	205 
1436	587	174 
1437	610	239 
1437	948	379 
1437	1061	267 
1437	1258	218 
1438	334	471 
1438	1011	107 
1438	1200	94 
1439	92	86 
1439	161	1027 
1439	241	46 
1439	510	41 
1439	599	1006 
1439	751	71 
1441	37	4627 
1441	235	227 
1441	699	166 
1441	888	254 
1441	1018	133 
1442	10	116 
1442	149	1555 
1442	458	195 
1442	828	117 
1442	1371	187 
1443	1142	762 
1443	1335	669 
1444	37	2653 
1444	210	1752 
1444	762	1638 
1445	116	263 
1446	120	779 
1446	712	403 
1447	139	75 
1447	157	170 
1447	815	94 
1448	338	93 
1448	1256	112 
1449	43	479 
1449	444	950 
1449	480	313 
1450	34	246 
1450	65	249 
1450	78	417 
1451	898	375 
1451	912	182 
1451	931	350 
1451	1107	387 
1451	1309	176 
1452	894	2402 
1453	1326	533 
1454	477	164 
1455	66	135 
1455	241	185 
1455	441	938 
1455	588	272 
1455	599	79 
1456	43	97 
1456	53	406 
1456	82	68 
1456	534	84 
1456	807	264 
1457	173	365 
1457	222	1424 
1457	370	236 
1457	806	247 
1458	42	256 
1458	245	157 
1458	580	615 
1458	970	191 
1458	1065	258 
1459	1122	105 
1459	1142	131 
1459	1360	55 
1460	91	802 
1460	982	487 
1460	1002	727 
1461	64	492 
1461	393	54 
1461	806	66 
1462	158	114 
1462	294	42 
1462	386	185 
1462	1287	58 
1463	78	4296 
1463	204	474 
1463	377	1031 
1463	600	246 
1463	1430	479 
1464	566	1140 
1464	656	406 
1464	808	2254 
1464	1279	512 
1465	98	592 
1465	1342	393 
1466	1137	607 
1466	1345	2120 
1466	1366	660 
1467	257	219 
1467	370	239 
1467	522	11048 
1468	11	209 
1468	78	135 
1468	87	292 
1468	116	290 
1468	222	457 
1468	317	269 
1469	42	14 
1470	65	582 
1470	378	1096 
1470	811	289 
1470	1148	612 
1471	72	183 
1471	213	9452 
1471	522	187 
1471	570	313 
1471	595	195 
1472	116	365 
1472	906	452 
1472	1092	99 
1473	252	15 
1473	791	1 
1474	276	99 
1475	293	217 
1475	826	300 
1475	1076	129 
1476	431	395 
1476	707	161 
1476	1381	627 
1477	24	227 
1477	185	31 
1477	555	655 
1477	695	54 
1478	337	1163 
1478	504	1007 
1478	525	202 
1479	342	332 
1479	393	215 
1479	684	505 
1480	68	78 
1480	342	1235 
1480	409	255 
1480	808	76 
1481	72	273 
1481	422	36 
1481	541	44 
1481	653	50 
1481	1106	165 
1482	643	39 
1483	60	1320 
1483	213	2284 
1483	742	2238 
1483	797	949 
1484	72	2627 
1484	130	420 
1484	159	178 
1484	224	543 
1484	390	665 
1484	748	402 
1484	930	121 
1485	111	632 
1485	422	60 
1485	525	74 
1485	542	47 
1486	12	55 
1486	72	77 
1486	122	106 
1486	660	30 
1488	18	1424 
1488	164	787 
1489	1347	57 
1490	74	660 
1491	56	10625 
1491	101	1074 
1491	173	2242 
1491	178	630 
1491	405	1334 
1492	37	908 
1492	146	2197 
1492	186	978 
1492	575	937 
1492	759	1258 
1492	958	1336 
1492	1100	1031 
1492	1222	1089 
1492	1398	1166 
1493	632	801 
1493	984	591 
1493	1116	238 
1493	1211	727 
1494	127	139 
1494	134	298 
1494	150	138 
1494	264	241 
1494	542	287 
1495	32	108 
1495	963	206 
1496	757	179 
1496	1043	223 
1496	1223	125 
1497	65	1323 
1497	380	347 
1497	523	24 
1497	525	265 
1497	580	404 
1498	12	2427 
1498	213	1247 
1498	310	303 
1498	463	294 
1498	510	591 
1498	1036	233 
1498	1090	604 
1499	565	378 
1500	177	270 
1500	182	81 
1500	792	262 
1500	1121	91 
1500	1171	101 
1501	307	673 
1501	1041	1749 
1501	1489	672 
1502	62	830 
1502	166	1224 
1502	362	1497 
1502	569	1748 
1502	1148	1293 
1502	1411	919 
1503	20	187 
1503	422	2401 
1503	491	965 
1503	635	211 
1503	709	330 
1503	1421	177 
1504	111	671 
1504	419	4516 
1504	494	400 
1504	580	200 
1505	222	1753 
1505	812	252 
1506	113	510 
1506	1485	177 
1507	151	787 
1507	797	608 
1508	1	229 
1508	150	192 
1508	577	59 
1509	5	44 
1509	1067	27 
1510	25	746 
1510	289	1275 
1510	585	287 
1510	1000	553 
1510	1428	786 
1511	266	201 
1512	107	668 
1513	48	1081 
1513	253	134 
1513	389	149 
1513	1344	123 
1513	1425	72 
1514	284	1442 
1514	368	467 
1514	1270	426 
1515	142	799 
1515	391	228 
1515	592	779 
1515	847	426 
1517	150	341 
1517	809	370 
1517	1094	408 
1517	1380	323 
1518	148	44 
1518	338	116 
1518	396	38 
1518	872	22 
1518	1083	22 
1519	19	106 
1519	867	79 
1520	96	343 
1520	380	351 
1520	431	332 
1520	494	386 
1520	536	161 
1520	542	959 
1520	886	275 
1520	932	135 
1520	970	728 
1520	1058	137 
1521	56	475 
1521	173	867 
1521	177	748 
1521	264	246 
1521	659	189 
1522	72	1884 
1522	216	190 
1522	398	217 
1523	5	29 
1523	61	60 
1523	250	26 
1523	631	28 
1524	150	373 
1524	698	452 
1525	59	144 
1525	335	288 
1525	1100	385 
1526	67	3377 
1526	813	113 
1526	1195	80 
1526	1469	396 
1527	66	1708 
1527	288	13319 
1527	307	3045 
1527	519	987 
1528	116	13 
1528	760	4 
1528	809	4 
1529	111	198 
1529	661	3309 
1530	111	312 
1530	267	242 
1530	412	57 
1530	452	1008 
1530	919	95 
1530	1018	59 
1530	1321	2245 
1531	207	128 
1531	305	124 
1531	747	1131 
1531	1347	126 
1532	32	290 
1532	48	562 
1532	161	537 
1532	254	146 
1532	312	470 
1532	570	139 
1532	808	108 
1533	23	207 
1533	35	180 
1533	67	139 
1533	662	173 
1534	90	303 
1534	342	843 
1535	228	13 
1535	307	32 
1535	604	13 
1535	824	14 
1536	29	1497 
1536	52	7499 
1536	1492	684 
1537	32	772 
1537	39	251 
1537	55	1954 
1537	108	732 
1537	144	410 
1537	151	2951 
1538	500	1353 
1538	1497	11 
1539	296	199 
1539	317	245 
1539	1259	335 
1540	369	90 
1540	828	74 
1540	1070	73 
1541	448	1178 
1541	1148	666 
1541	1236	953 
1541	1271	574 
1542	42	528 
1542	463	216 
1542	858	251 
1542	890	419 
1543	44	736 
1543	53	531 
1543	64	4607 
1543	127	473 
1543	214	363 
1543	426	707 
1543	687	731 
1543	800	405 
1544	793	21 
1544	1501	25 
1545	116	232 
1545	159	95 
1545	881	81 
1546	58	86 
1546	351	80 
1546	412	153 
1547	10	121 
1547	103	541 
1548	429	233 
1548	583	117 
1548	627	255 
1548	688	116 
1548	788	176 
1549	12	942 
1549	234	17 
1549	251	39 
1549	420	23 
1549	435	23 
1549	891	198 
1550	186	7691 
1550	289	326 
1550	296	504 
1550	386	292 
1550	441	1099 
1550	754	2830 
1550	891	5804 
1550	1000	389 
1550	1170	7495 
1550	1203	750 
1552	78	509 
1552	499	117 
1552	1182	322 
1553	23	62 
1553	111	23 
1553	140	173 
1553	235	158 
1553	247	58 
1553	413	67 
1554	264	1136 
1554	335	1335 
1554	1066	1015 
1554	1230	954 
1555	53	823 
1555	66	4881 
1555	365	1214 
1555	471	469 
1555	847	262 
1556	10	467 
1556	135	422 
1556	378	1656 
1556	420	1061 
1556	461	771 
1557	658	4 
1558	9	103 
1558	37	190 
1558	116	46 
1558	444	162 
1558	745	23 
1559	108	800 
1559	386	666 
1559	467	7991 
1559	706	21338 
1559	727	1192 
1559	981	4252 
1559	1095	697 
1560	648	2 
1560	1395	1 
1561	363	7 
1561	675	4 
1562	37	1154 
1562	95	439 
1562	221	1447 
1562	505	3763 
1562	1322	237 
1563	82	144 
1563	397	243 
1564	328	2 
1565	5	41 
1565	66	28 
1565	72	4332 
1566	8	240 
1566	1121	268 
1567	77	257 
1567	186	831 
1567	480	400 
1567	526	2037 
1567	580	499 
1568	36	5065 
1568	589	924 
1568	690	843 
1568	697	1968 
1568	795	3070 
1568	1002	1438 
1568	1491	1375 
1569	38	504 
1569	593	534 
1570	106	1047 
1570	580	2345 
1571	77	641 
1571	119	468 
1571	651	1404 
1571	1261	389 
1572	34	224 
1572	53	97 
1572	217	250 
1572	339	94 
1572	494	90 
1572	1105	131 
1572	1471	121 
1573	77	238 
1573	87	203 
1573	178	66 
1573	345	269 
1573	365	717 
1574	45	136 
1574	263	564 
1574	924	867 
1575	476	153 
1576	267	50 
1576	357	146 
1577	37	142 
1577	492	39 
1577	722	29 
1578	12	1117 
1578	29	264 
1578	441	365 
1578	582	607 
1580	27	44 
1580	28	46 
1580	520	88 
1581	544	1550 
1581	1143	4172 
1582	365	262 
1582	924	1093 
1583	977	776 
1584	832	9 
1584	884	150 
1585	601	554 
1585	652	518 
1585	947	2042 
1586	380	524 
1586	1058	635 
1586	1103	1283 
1586	1327	482 
1587	441	482 
1587	533	672 
1587	763	204 
1587	868	225 
1587	905	704 
1588	164	126 
1588	412	149 
1588	960	246 
1589	59	95 
1590	45	184 
1590	608	171 
1590	914	98 
1591	192	348 
1592	473	586 
1593	114	58 
1593	232	53 
1593	263	132 
1593	335	55 
1593	568	34 
1594	173	261 
1594	462	851 
1594	613	130 
1594	1193	617 
1595	27	131 
1595	140	48 
1595	747	150 
1595	1077	64 
1595	1078	193 
1596	65	186 
1596	146	2305 
1596	384	254 
1596	616	348 
1596	795	360 
1596	1491	830 
1597	540	428 
1598	53	33 
1598	66	3 
1598	94	6 
1599	78	2742 
1599	863	1816 
1599	1479	1475 
1599	1505	3649 
1600	108	64 
1600	140	64 
1600	222	465 
1600	557	198 
1600	706	74 
1600	847	92 
1600	1020	65 
1600	1291	97 
1601	370	341 
1601	548	426 
1601	753	695 
1601	1449	1034 
1602	378	642 
1603	48	319 
1603	97	97 
1603	151	646 
1603	161	1534 
1603	215	63 
1603	382	156 
1603	395	71 
1603	899	96 
1604	33	104 
1604	511	95 
1604	966	88 
1606	20	106 
1606	103	202 
1606	130	5267 
1606	377	109 
1606	429	4318 
1606	1140	1283 
1607	125	1 
1607	213	6 
1607	289	1 
1607	663	1 
1607	922	6 
1608	506	1316 
1609	298	56 
1609	338	33 
1610	747	12464 
1610	954	4641 
1610	1166	784 
1610	1238	826 
1611	36	180 
1611	378	1 
1611	727	1 
1611	1041	7 
1612	98	328 
1612	1118	207 
1612	1456	88 
1612	1475	97 
1613	307	527 
1613	512	2153 
1614	53	13 
1615	60	66 
1615	126	327 
1615	521	113 
1615	950	457 
1615	1010	159 
1616	567	497 
1617	983	148 
1617	1337	178 
1618	222	2705 
1618	649	1500 
1619	79	1493 
1619	444	987 
1619	480	2728 
1619	777	789 
1619	1132	1055 
1620	67	762 
1620	1149	626 
1620	1485	723 
1621	374	70 
1621	679	26 
1621	720	27 
1621	907	26 
1621	1098	21 
1621	1202	141 
1622	5	663 
1622	818	456 
1623	14	84 
1623	37	70 
1623	111	51 
1623	142	63 
1623	580	112 
1624	212	890 
1624	448	623 
1624	1001	552 
1625	109	266 
1625	342	761 
1625	413	187 
1625	568	159 
1626	29	86 
1626	249	861 
1626	338	286 
1626	395	83 
1626	1232	55 
1626	1249	59 
1627	5	140 
1627	125	122 
1627	151	138 
1627	161	5851 
1627	310	120 
1627	382	245 
1627	751	167 
1628	169	15147 
1628	441	11945 
1628	1366	13831 
1629	136	286 
1629	178	123 
1629	187	126 
1629	398	123 
1629	534	177 
1629	711	124 
1629	777	177 
1629	1333	133 
1630	18	894 
1630	27	602 
1630	290	899 
1630	463	710 
1630	529	568 
1631	32	28980 
1631	107	743 
1631	275	318 
1631	338	527 
1631	432	1007 
1631	536	555 
1631	860	325 
1631	900	997 
1632	4	2824 
1632	82	787 
1632	184	1430 
1632	603	933 
1632	868	1179 
1632	1322	687 
1633	134	62 
1633	1317	194 
1634	53	3497 
1634	66	66761 
1634	143	2725 
1634	225	1461 
1634	367	2219 
1635	103	485 
1636	797	108 
1636	956	374 
1636	1487	226 
1637	131	142 
1638	173	3641 
1638	417	2841 
1638	614	2704 
1639	1015	59 
1640	73	129 
1640	104	27 
1640	140	163 
1640	1127	122 
1641	204	43 
1642	256	374 
1643	234	1679 
1643	748	1392 
1643	891	1075 
1644	157	1774 
1645	1034	384 
1645	1095	356 
1645	1260	338 
1646	18	115 
1646	930	703 
1646	955	609 
1646	1074	147 
1647	186	221 
1647	448	2901 
1647	601	68 
1647	1140	342 
1648	20	5 
1648	217	3 
1648	767	1 
1649	426	25 
1649	712	25 
1649	960	104 
1649	1417	112 
1651	161	381 
1651	225	68 
1651	306	184 
1651	859	63 
1651	1019	64 
1652	82	75 
1653	97	417 
1653	338	432 
1653	518	800 
1653	1341	520 
1653	1464	389 
1654	24	555 
1654	60	874 
1654	1171	299 
1655	488	94 
1655	818	58 
1655	882	87 
1655	900	96 
1656	151	77 
1656	1143	96 
1657	228	62 
1657	641	121 
1657	1206	211 
1658	107	925 
1658	160	675 
1658	211	829 
1658	234	410 
1658	370	372 
1658	829	2130 
1659	914	521 
1659	1087	142 
1660	29	211 
1660	186	28 
1660	636	65 
1660	798	45 
1661	179	58 
1662	402	22 
1662	462	9 
1662	916	12 
1663	103	70 
1663	186	34 
1663	213	40 
1663	235	74 
1663	922	21 
1664	276	1633 
1664	289	1545 
1664	1064	1514 
1665	102	70 
1665	223	36 
1666	1360	3 
1667	221	111 
1668	252	224 
1668	257	1563 
1668	370	657 
1668	570	197 
1668	744	414 
1669	537	76 
1670	160	61 
1670	286	182 
1670	475	194 
1671	53	299 
1671	159	5180 
1671	468	498 
1671	763	904 
1672	768	414 
1672	1089	612 
1672	1158	339 
1673	24	4108 
1673	135	14659 
1673	352	20000 
1674	62	1172 
1674	166	329 
1674	337	1405 
1675	82	33 
1675	1014	74 
1676	686	834 
1676	1343	634 
1677	43	1891 
1677	44	1064 
1677	90	1598 
1677	566	1342 
1677	1058	8362 
1678	130	10 
1678	429	8 
1678	524	8 
1680	200	14 
1680	450	47 
1681	387	1208 
1681	753	1467 
1681	1007	1036 
1682	4	371 
1682	77	215 
1682	357	375 
1682	401	263 
1682	581	318 
1682	780	232 
1682	924	677 
1682	984	735 
1683	187	338 
1683	345	881 
1683	397	252 
1683	992	2285 
1684	37	135 
1684	154	1283 
1684	444	1227 
1684	608	159 
1684	645	267 
1684	1446	81 
1685	36	405 
1685	1196	4589 
1686	429	413 
1687	9	285 
1688	221	647 
1688	467	630 
1689	103	135 
1689	411	549 
1689	448	63 
1689	580	38 
1689	769	43 
1690	187	133 
1690	194	128 
1691	154	206 
1691	338	255 
1691	1116	204 
1692	66	753 
1692	87	665 
1692	219	889 
1692	222	445 
1692	357	664 
1692	790	479 
1692	1064	1118 
1692	1414	451 
1693	72	1015 
1693	103	914 
1693	147	34 
1693	307	185 
1693	521	162 
1694	65	48 
1694	469	63 
1694	584	46 
1694	683	100 
1694	740	150 
1694	819	51 
1694	1349	85 
1695	18	36 
1695	762	31 
1695	954	17 
1696	173	44 
1696	357	41 
1696	496	49 
1697	1484	723 
1698	707	405 
1699	295	478 
1700	675	445 
1701	967	11 
1702	82	192 
1702	242	535 
1702	254	58 
1702	363	191 
1704	18	187 
1704	42	3443 
1704	221	7488 
1704	479	187 
1704	1237	150 
1704	1481	194 
1705	53	745 
1705	114	95 
1705	457	214 
1705	577	432 
1705	1104	77 
1706	98	1615 
1706	279	318 
1706	1213	574 
1707	118	460 
1707	171	1318 
1708	103	280 
1709	82	112 
1709	135	120 
1709	334	4438 
1709	521	146 
1709	1016	869 
1710	69	952 
1710	886	72 
1710	970	46 
1710	1192	268 
1710	1246	54 
1710	1451	330 
1711	48	186 
1711	359	120 
1711	1108	4294 
1712	267	549 
1712	377	68 
1712	646	131 
1712	976	580 
1712	1007	185 
1713	68	192 
1713	253	77 
1713	365	81 
1713	387	96 
1714	66	287 
1714	484	8 
1714	1203	15 
1716	173	11 
1716	542	9 
1718	103	4390 
1718	108	2045 
1718	110	383 
1718	849	300 
1718	1020	433 
1719	65	1181 
1719	941	2304 
1719	1244	1093 
1720	164	6 
1720	366	27 
1720	369	16 
1721	222	802 
1721	377	194 
1721	480	1957 
1722	82	486 
1722	283	367 
1722	289	515 
1722	540	2776 
1722	596	793 
1722	712	1149 
1722	1299	880 
1722	1506	461 
1723	26	253 
1724	310	3054 
1724	1051	1945 
1725	60	449 
1725	512	331 
1725	580	539 
1725	1328	269 
1726	29	143 
1726	338	61 
1726	441	87 
1727	36	296 
1727	219	106 
1727	596	78 
1727	1342	46 
1730	56	406 
1730	342	1394 
1730	345	431 
1732	256	33 
1733	108	335 
1733	199	220 
1733	659	405 
1733	864	269 
1734	712	106 
1734	794	313 
1734	1375	197 
1735	1309	59 
1737	27	2 
1737	906	6 
1739	3	61 
1739	452	147 
1739	459	85 
1739	528	77 
1740	103	2861 
1740	115	336 
1740	753	594 
1741	753	135 
1744	10	84 
1744	279	191 
1744	864	105 
1744	1500	97 
1746	37	259 
1746	176	93 
1746	494	785 
1746	894	1205 
1748	74	24 
1748	288	71 
1748	790	98 
1749	58	718 
1749	87	602 
1749	653	500 
1749	1234	188 
1750	941	316 
1750	1214	137 
1751	135	450 
1751	402	562 
1751	824	328 
1752	361	648 
1752	380	285 
1752	465	786 
1752	614	700 
1752	1223	354 
1752	1335	761 
1753	4	8 
1753	20	3 
1753	225	12 
1753	392	4 
1753	405	45 
1753	577	3 
1754	13	64 
1754	417	77 
1754	1177	63 
1755	1494	642 
1756	528	208 
1756	569	257 
1757	163	35 
1757	1359	47 
1758	184	324 
1759	99	135 
1759	459	128 
1760	37	123 
1760	289	1795 
1760	670	97 
1760	832	235 
1761	386	107 
1761	808	99 
1761	945	79 
1762	580	16 
1763	307	2478 
1763	498	8178 
1763	863	3586 
1765	140	1069 
1765	345	357 
1765	620	383 
1765	1100	325 
1766	118	97 
1767	747	321 
1768	239	77 
1768	1502	586 
1769	662	231 
1769	1139	211 
1770	184	129 
1771	70	298 
1771	145	217 
1771	938	633 
1772	49	147 
1772	105	8 
1772	835	10 
1772	850	9 
1772	921	11 
1773	362	363 
1773	1298	217 
1774	1	7 
1774	44	8 
1774	164	6 
1774	970	4 
1774	1483	8 
1775	912	89 
1776	12	723 
1776	956	274 
1776	1487	825 
1778	504	156 
1778	883	111 
1779	213	101 
1780	37	141 
1780	41	98 
1780	101	148 
1781	494	119 
1782	1267	560 
1783	60	135 
1783	82	289 
1783	289	60 
1783	519	64 
1783	863	82 
1783	1041	132 
1784	716	35 
1784	832	23 
1784	887	36 
1786	24	484 
1786	393	232 
1787	976	207 
1788	355	51 
1788	364	54 
1788	737	307 
1790	30	421 
1790	377	619 
1790	841	1985 
1791	87	23 
1791	1169	25 
1792	646	187 
1792	1164	276 
1793	1303	121 
1795	179	130 
1795	446	343 
1796	631	716 
1796	981	791 
