1880
1584
1930
1886
2084
736
988
221
1222
1513
732
1529
2600
717
2098
484
359
551
655
952
1703
2549
2395
440
482
847
1448
2577
1667
728
1065
1186
2652
1057
1171
1193
1602
2248
2002
2604
1332
726
591
698
916
1251
1264
1582
1936
1963
2026
2238
2260
2300
2494
2670
1458
1414
2454
874
1276
1931
1640
1303
1408
1426
1655
1750
2130
2390
2405
2546
1739
2261
586
1223
1379
2108
2431
2444
33
821
1583
1708
1939
1998
1562
468
1521
596
35
133
853
878
1023
1491
1535
1569
1773
1911
2060
2150
2167
2187
2192
2426
2556
2602
2012
1336
1482
1530
1652
2155
467
812
871
960
1272
1285
1434
2377
2605
295
431
731
230
412
2039
2295
167
209
512
813
885
917
1060
1225
1399
1415
1797
2050
2286
2313
2386
2428
2621
897
1906
56
441
800
833
887
898
974
1423
1558
1568
1590
1893
1971
2171
2368
2416
2603
2635
635
816
861
1026
1278
1629
1958
1993
2376
2378
2400
2419
2447
1111
823
919
1556
2114
610
1738
153
535
1634
994
809
88
168
262
264
290
331
340
345
369
619
663
667
819
850
928
957
984
1039
1058
1094
1107
1110
1141
1177
1218
1273
1323
1360
1366
1438
1451
1466
1777
1799
1952
1957
2024
2101
2112
2122
2169
2285
2304
2327
2471
2553
2557
2632
2638
2671
2674
2676
418
378
2252
478
1400
1941
2235
420
808
1262
1473
1024
1236
1390
2223
37
284
394
656
868
1165
1358
1422
1428
1541
1807
2583
475
1014
1067
1081
1153
1367
1485
1679
1683
1736
1778
1823
1873
2042
2066
2322
2328
2357
944
53
134
242
244
390
479
603
775
785
1354
1653
1675
1721
1884
1914
2058
2103
2240
2489
2495
2551
2564
1496
27
51
323
469
746
786
970
1009
1248
1424
1478
1662
1800
2226
2480
2536
1743
159
430
590
1216
1295
1310
1619
1663
1682
1825
2038
2282
2474
2506
2601
2643
2654
2664
208
770
1182
1197
1418
1563
541
149
523
643
676
755
758
895
902
1064
1133
1145
1300
1369
1371
1373
1398
1476
1487
1633
1639
1744
1767
1810
1815
1871
1889
2086
2184
2211
2241
2332
2407
2420
2432
2437
2463
2672
40
66
315
537
2266
224
695
841
1158
1274
1328
1382
1460
1560
1598
1661
1766
2345
2531
642
927
2
13
191
425
567
815
1206
1302
2655
2667
39
707
910
779
254
0
99
172
364
680
1146
1203
1383
1592
1635
1645
1672
1834
1948
2139
2399
2451
1395
2353
5
97
666
1229
1643
1745
2121
2219
241
1166
1737
796
1108
679
1714
350
10
11
189
343
503
505
520
522
525
571
594
608
697
743
844
848
954
989
993
1083
1085
1112
1142
1175
1205
1227
1279
1297
1374
1417
1515
1673
1685
1713
1735
1741
1761
1782
1803
1879
1913
1920
1966
2005
2016
2034
2183
2210
2289
2290
2324
2359
2439
2452
2458
2459
2462
2466
2487
2511
2526
2566
2586
2590
2624
514
1429
1075
1168
2320
346
1898
