195
592
1012
1732
201
213
235
248
1121
1321
1798
2083
215
234
630
738
778
1126
1256
1576
1934
2269
210
2071
414
529
569
684
979
1164
1167
1378
1391
1431
1435
1510
1608
1712
1819
1890
1955
2004
2022
2072
2148
2149
2497
2513
2587
961
1580
1684
1858
2527
2032
506
67
120
255
351
361
483
532
577
689
803
860
1201
1499
1881
2277
2369
2430
2504
2530
2576
2648
699
324
1407
1701
2014
2104
174
85
92
148
239
250
481
554
938
969
1239
1505
1704
1788
1804
1870
1978
2133
2145
2225
2245
2283
2375
452
47
712
1044
1091
1130
1463
1892
556
2520
110
68
173
294
491
533
626
791
908
977
1035
1072
1169
1268
1296
1442
1690
1710
1784
1818
1897
1923
1972
1982
2046
2097
2213
2234
2265
2287
2292
2374
2436
2559
2662
299
1074
1017
1162
1404
530
20
1125
1226
1271
1402
1419
1976
2490
216
70
16
58
147
581
745
1198
1308
1320
1329
1357
1394
2193
2250
2351
2421
723
169
204
637
792
1055
1254
1340
1368
1472
1524
1549
1596
1722
1814
1927
1949
2105
2154
2254
2330
2470
2481
2501
2571
2575
2584
2612
2668
1437
562
100
741
1128
1228
1606
1726
2095
2115
86
115
930
1821
80
23
112
152
178
288
432
659
713
719
729
899
911
983
1214
1281
1481
1532
1687
1711
1775
1786
1916
1994
2000
2080
2144
2173
2331
2367
2411
2457
2492
2561
2626
2653
2663
851
753
258
263
1919
1942
298
653
677
714
889
1572
2048
2110
865
1004
143
253
524
734
814
872
924
1160
1443
1607
1626
1677
1720
1763
1865
2218
2267
2308
2406
1078
797
12
117
337
473
651
904
907
923
942
1114
1343
1504
2085
2147
2196
2629
164
32
466
900
932
1492
1173
280
486
553
664
1006
1113
1208
1585
1827
2151
2348
398
1290
1951
49
219
439
509
549
585
806
837
840
1109
1335
1453
1567
1727
1907
2125
2207
2276
2294
2461
2541
2588
2589
2594
2619
2657
1489
1008
185
309
417
618
682
751
1534
1785
1802
1929
1421
1509
91
267
488
836
1032
1033
1161
1184
1294
1550
1622
1988
2078
2096
2128
2185
2190
2194
2220
2349
2535
2547
2567
2644
2658
375
547
873
2370
1859
955
218
399
402
409
415
527
552
578
600
683
724
765
1021
1059
1156
1240
1387
1396
1507
1588
1693
1755
1836
1909
2003
2006
2394
2488
2515
2608
384
498
41
57
103
762
793
62
587
703
708
771
866
1076
1097
1144
1384
1409
1454
1501
1537
1648
2123
2136
2293
2403
2469
2533
358
2100
42
166
404
457
612
710
1051
1282
1479
1498
1642
1969
2271
2335
2355
2440
2522
995
991
6
249
377
380
1134
1245
1319
1365
1593
1960
2365
318
184
319
428
1728
1808
1882
1970
2008
2163
2321
2512
381
1138
1362
1536
1617
1657
1855
2092
2099
2102
2478
2552
2622
756
8
602
2067
2109
735
696
832
1656
2036
622
739
1924
2284
422
566
1835
2299
76
1267
1526
1783
203
1719
1220
243
879
206
233
1139
19
24
82
87
93
119
129
132
136
137
154
155
179
198
237
266
308
316
326
339
371
385
423
436
442
443
455
492
542
559
631
632
657
660
668
686
688
709
716
752
769
781
811
827
828
891
912
935
964
965
986
990
1005
1019
1030
1045
1077
1098
1117
1120
1150
1152
1196
1202
1230
1232
1243
1283
1301
1306
1309
1331
1338
1341
1348
1350
1351
1388
1406
1430
1432
1439
1462
1486
1523
1574
1577
1579
1599
1611
1614
1678
1680
1686
1688
1697
1699
1748
1753
1756
1759
1765
1770
1772
1843
1845
1846
1847
1878
1908
1912
1937
1943
1975
1983
2007
2009
2013
2020
2045
2049
2070
2074
2081
2137
2152
2156
2157
2166
2175
2176
2199
2221
2233
2246
2257
2258
2268
2275
2288
2291
2306
2315
2334
2354
2358
2387
2396
2423
2465
2485
2498
2502
2550
2555
2560
2591
2615
2618
2630
2637
2639
2646
2650
2656
2660
2661
1552
918
157
451
926
348
314
956
690
915
691
560
1187
225
818
64
391
165
640
259
1147
1789
1922
1506
516
30
382
513
949
1052
1553
1816
1854
2040
1116
151
327
139
650
662
906
1346
1646
1932
1933
2025
2642
804
357
538
1027
1811
1864
1903
2064
2142
1433
654
1070
1260
1508
1820
1866
1915
1940
2119
2476
2514
410
55
429
433
444
787
921
992
1066
1129
1149
1355
1787
1967
2413
2468
2524
1389
2138
320
71
138
145
261
416
453
859
884
914
939
1010
1043
1056
1071
1148
1215
1361
1386
1490
1502
1551
1839
1841
1852
1997
1999
2030
2131
2141
2297
2525
2578
1477
202
1207
1425
2302
271
292
396
405
406
604
627
773
790
875
936
1084
1180
1190
1318
1595
1752
2088
2093
2273
2281
2319
2325
2356
2409
2477
2516
2569
2581
2606
2625
1780
1397
1973
1405
449
776
744
90
170
231
291
335
386
477
646
711
730
805
894
937
1042
1210
1284
1380
1587
1669
1676
1700
1856
1867
1947
1979
2044
2089
2179
2214
2239
2256
2274
2346
2408
2464
2580
1495
59
395
614
855
934
1221
1468
211
388
1011
187
297
1020
74
127
544
582
705
777
869
886
987
1246
1325
1392
1467
1497
1522
1660
1829
2028
2251
2259
2384
2429
2442
2548
2651
50
568
759
1029
1353
1691
106
247
307
372
733
1022
1347
1512
1575
1790
1792
1838
1964
536
588
1099
1188
14
26
214
328
354
355
435
561
616
633
783
857
929
953
1089
1118
1127
1277
1307
1316
1518
1546
1604
1666
1724
1938
1986
2001
2063
2077
2118
2204
2255
2342
2344
2505
2545
2570
2669
310
621
188
922
1483
534
1359
580
192
287
1265
1459
1996
652
269
289
426
463
476
589
681
789
807
835
947
1050
1122
1413
1525
1716
1945
2031
2069
2165
2558
322
108
344
1746
161
1204
1557
2178
996
236
905
1001
126
135
160
194
293
474
493
575
629
641
671
742
1063
1090
1092
1123
1136
1137
1157
1189
1237
1261
1263
1312
1372
1444
1500
1591
1615
1627
1631
1659
1706
1768
1809
2116
2143
2158
2307
2338
2382
2460
2573
2609
125
754
2057
2076
338
748
764
1287
1620
1731
2052
2438
190
186
199
268
270
387
393
458
472
528
665
692
721
824
843
966
1054
1073
1082
1095
1106
1412
1484
1581
1623
1647
1729
1779
1805
1901
1904
2132
2208
2242
2264
2296
2340
2372
2453
2562
2582
2675
757
408
142
1036
1270
881
820
846
976
1016
1155
1192
1664
1771
1844
1926
317
113
1040
109
502
685
1314
1538
1715
1850
801
888
65
116
1178
1212
1959
557
45
52
118
144
175
260
265
276
285
302
333
365
437
501
550
673
763
772
795
829
903
931
959
1015
1069
1286
1288
1470
1589
1689
1718
1946
1984
2124
2180
2201
2361
2397
2424
2445
2473
2482
2496
2534
2537
2574
2607
2628
2666
799
1349
105
1571
2311
183
780
981
1322
72
131
140
593
822
1102
1224
2318
2336
2507
367
450
286
312
438
555
940
1031
1131
1159
1594
1733
1817
1900
2075
2094
2479
2554
2598
205
611
462
146
1375
2617
330
725
69
207
229
246
403
499
572
609
701
740
774
967
999
1053
1143
1151
1289
1313
1393
1427
1457
1544
1637
1876
1883
1977
2191
2202
2272
2433
2518
2597
2640
2647
648
579
400
507
1266
1956
275
300
639
15
374
471
531
624
870
1181
1200
1334
1370
1548
1723
1740
1837
1861
1961
2017
2041
2051
2055
2120
2177
2212
2228
2270
2364
2410
2508
2627
1376
487
737
749
379
252
595
849
862
1616
2019
2107
2153
2217
2316
2362
2542
245
945
613
1621
2303
2415
2455
1025
1253
1698
2366
360
761
839
883
687
4
89
141
182
279
303
352
362
370
392
421
459
489
496
515
606
649
798
810
880
913
1100
1194
1199
1269
1291
1452
1456
1564
1586
1636
1644
1654
1671
1769
1796
1812
1824
1831
1899
1905
1989
2018
2111
2159
2170
2182
2229
2230
2309
2317
2373
2381
2398
2446
2456
2472
2539
2563
2568
2610
2613
2636
389
518
1707
22
2161
584
747
817
1242
1863
718
494
941
1826
1928
2203
397
95
128
1132
1559
2312
2544
678
60
158
454
1734
1995
2061
2181
114
2146
766
256
669
2227
54
196
222
282
424
647
1154
1183
1305
1469
1494
1921
2047
2073
2090
2350
2391
2412
2427
2509
163
920
1885
2113
84
96
674
1533
28
107
200
445
623
702
1087
1234
1416
1461
1474
1681
1709
1895
1918
2164
2231
2237
2339
2352
2393
2401
2483
2491
2659
419
543
73
694
1209
9
460
490
768
876
1003
1093
1299
1342
1364
1488
1968
2015
2209
2253
18
413
564
597
2326
794
968
511
573
576
975
1068
1086
1135
1176
1219
1280
1540
1613
1749
1762
2091
2134
2197
2314
2380
2449
2517
2596
162
1696
784
1447
1465
1760
456
342
1233
1304
1420
1561
1830
2434
605
104
217
464
465
615
672
826
943
1041
1048
1140
1259
1275
1650
1670
1935
1987
2249
2389
366
353
1363
448
958
34
223
617
856
890
909
925
1252
1455
1517
1630
1658
1764
1853
1868
2035
2160
2298
2620
973
156
2174
171
238
363
563
997
1105
1324
1436
1725
2029
98
7
63
78
176
228
278
321
373
510
628
948
1038
1344
1440
1813
1981
2198
2205
2418
2486
2616
2633
401
548
1381
830
802
101
349
539
638
1047
1088
1213
1231
1241
1292
1449
1543
1566
1833
1840
2195
2200
2310
2528
1610
504
341
715
838
971
1441
1554
1742
1962
1985
2140
2385
2435
180
304
519
1694
1917
31
675
1618
1954
1992
43
411
1774
251
598
1333
1758
2232
2224
962
311
1339
281
858
36
75
226
232
272
305
356
376
447
470
497
500
545
607
722
760
788
852
892
893
896
978
980
982
1034
1080
1096
1163
1170
1185
1244
1255
1471
1539
1565
1570
1573
1624
1628
1674
1695
1702
1795
1869
1902
1974
1980
2010
2011
2021
2023
2033
2037
2059
2065
2127
2129
2189
2280
2333
2402
2484
2500
2510
2519
2523
2532
2538
2614
2634
2673
227
301
2493
38
2425
1781
2027
480
1632
854
951
1174
1403
1794
1965
29
661
1638
1641
1651
2383
2404
181
1103
121
446
644
825
1018
1516
407
368
1315
1337
48
1007
1061
1257
1326
1352
1385
1401
1547
1609
1705
1832
1862
1891
2117
2186
2216
2278
2521
2593
2599
863
1894
383
313
124
508
521
565
933
1000
1298
1345
1601
1668
1757
1877
1888
1896
2162
2236
2363
2388
2579
274
720
1493
2188
25
94
574
1874
963
102
193
540
634
658
700
950
1172
2263
2379
2450
2572
2665
332
1119
130
277
526
831
1079
1104
1115
1124
1317
1446
1519
1605
1776
1822
1849
2243
570
1751
1851
2467
83
123
485
495
558
727
998
1258
2053
2106
2244
2337
2595
2611
1238
1665
111
1801
2172
21
461
546
620
845
1377
1410
1450
1860
2417
1857
240
273
1211
1747
2323
2441
2623
1046
750
2082
2215
150
177
212
601
1101
1179
1910
2062
2087
2206
2329
2422
2448
1293
17
767
1191
1730
1950
2529
1625
864
1793
61
44
704
946
1013
1235
1503
1597
1925
2043
2056
2247
2347
2540
2585
2645
645
625
1249
1464
1330
782
257
706
1195
1445
1514
2443
3
599
1
336
834
1528
1806
1828
2054
2079
2631
434
1692
2392
81
325
636
1327
1527
1649
1791
1612
122
1062
77
1028
1717
2343
2475
283
306
1754
1944
2641
670
2649
79
197
334
693
1049
1887
1953
2135
2543
2565
427
2068
2126
220
972
1311
1356
877
296
517
842
1520
1600
2360
329
867
901
1002
1578
2503
1990
1545
1991
2262
2341
2168
1411
1480
1848
1875
2222
2592
2279
46
1842
2414
985
1037
1250
2305
2371
1247
1475
1511
1217
1603
1872
882
1542
347
2301
2499
1531
583
1555
