user_id
645
817
1074
1047
875
366
748
745
164
997
1062
139
1042
1069
228
643
1066
239
620
287
1117
496
696
763
943
46
252
327
381
644
898
1001
115
585
963
749
874
2
841
1046
1071
314
257
679
1012
1123
130
916
1089
7
988
435
843
1028
1036
1038
522
260
1010
441
1114
355
566
686
725
954
1048
1095
90
575
1099
433
786
267
374
541
544
550
590
618
956
906
623
150
486
583
979
1030
223
1125
249
264
296
596
677
730
802
1103
695
657
805
742
889
647
751
984
945
1094
322
1015
1058
527
845
174
987
19
170
321
467
660
792
1080
509
641
364
532
45
213
736
812
345
414
983
1049
302
692
121
670
1040
240
656
635
1070
547
41
254
395
520
673
899
955
991
281
1009
318
0
548
699
705
819
822
834
208
900
106
186
413
758
974
1037
402
842
990
234
149
479
227
137
75
77
500
508
530
537
917
1061
1118
166
67
946
473
489
521
764
846
295
775
44
760
265
419
443
579
599
985
996
400
428
128
263
269
552
1045
119
359
886
129
300
570
1067
181
361
449
545
835
1005
