1057
448
569
1026
88
470
953
957
961
1035
1090
258
468
633
950
1100
492
225
471
250
153
55
102
466
613
242
553
427
593
360
932
436
1064
513
584
278
81
325
667
22
89
113
175
284
331
334
342
446
480
485
499
555
571
602
626
630
648
688
689
722
769
774
777
828
829
831
877
878
881
884
905
918
937
962
978
1004
1013
1055
1068
1087
1106
1109
531
634
50
189
94
147
394
595
715
74
187
230
815
97
162
860
882
348
697
96
207
559
653
920
28
539
755
562
323
352
387
560
168
771
803
853
941
687
999
273
341
711
729
1016
897
305
563
576
652
754
762
901
967
14
31
312
346
354
605
890
994
1072
1076
42
283
807
330
85
456
475
564
770
847
951
1088
1092
232
896
904
3
275
317
606
51
375
856
215
383
615
804
624
59
309
338
369
676
959
1129
790
310
746
502
649
71
220
568
772
980
32
116
156
159
161
212
363
371
549
609
694
791
912
923
558
48
61
332
390
9
95
298
578
642
675
681
690
794
840
848
861
958
1022
1083
306
1054
259
610
556
526
251
124
136
190
392
493
506
789
797
849
868
23
27
303
625
938
565
238
339
431
104
118
444
683
732
741
806
844
893
376
135
192
206
439
591
747
1017
173
282
10
65
171
714
737
810
1115
151
285
445
982
416
450
20
666
969
100
203
66
120
188
597
680
693
704
728
773
811
913
1011
1024
405
793
311
818
108
292
372
551
637
713
495
529
574
940
210
442
869
1091
1098
1111
1121
84
140
382
167
638
459
472
517
785
255
272
538
859
25
827
109
600
76
388
415
304
123
132
740
481
494
546
594
619
944
1025
1034
902
111
409
469
79
744
194
4
155
191
216
378
535
401
739
965
63
460
973
196
512
781
659
112
639
18
126
134
197
211
231
241
253
261
421
503
528
816
824
925
939
947
1082
204
476
308
668
518
98
307
863
426
266
432
455
601
712
780
823
891
62
299
349
410
671
924
976
981
1107
440
858
184
949
179
403
753
972
1120
141
351
864
1
17
83
246
721
750
787
830
1007
37
629
795
879
759
867
1116
205
49
26
209
356
451
922
218
68
117
926
12
333
430
297
379
396
573
588
801
814
850
851
927
995
998
6
40
572
54
29
133
279
291
324
340
422
434
543
627
977
986
43
669
757
768
892
110
907
702
268
604
367
36
397
525
580
586
592
743
930
1002
1051
1096
256
34
477
11
614
726
56
222
248
347
607
731
784
1020
276
226
313
621
832
1059
1101
921
60
73
30
146
663
706
198
144
350
516
708
783
909
1110
1127
277
622
970
69
157
703
776
809
854
103
380
391
377
497
524
707
821
825
915
952
989
70
217
357
678
718
883
182
942
964
1126
474
38
21
577
452
587
478
154
404
519
148
237
316
224
603
78
236
200
72
169
183
195
290
336
344
353
373
411
425
462
464
514
515
598
612
765
782
826
862
866
919
966
971
1006
1052
1065
1104
1105
533
628
365
138
53
507
511
229
87
185
554
820
723
865
536
461
665
488
873
1032
717
662
813
1027
1077
131
406
417
567
735
975
1008
1021
1093
39
914
1050
1081
158
271
384
393
199
320
833
114
424
701
948
1079
1112
505
47
337
418
611
888
674
490
655
152
82
178
484
716
798
1113
193
221
91
245
672
682
727
993
142
15
733
58
799
160
454
457
465
654
837
876
895
934
1000
1063
143
176
453
233
177
616
838
857
557
684
16
280
491
510
698
710
960
1019
1075
463
885
1023
24
93
243
534
631
1031
661
385
8
99
201
328
1033
1084
80
122
779
13
398
658
247
738
301
412
487
92
145
172
288
293
335
368
389
561
582
720
767
1078
329
358
163
933
542
274
734
1073
482
386
700
504
778
214
761
1003
1097
64
107
33
319
756
908
1044
244
429
501
752
86
286
651
855
646
270
617
839
887
910
1041
1124
343
540
1056
1122
871
968
294
1108
1086
326
903
165
315
202
125
423
636
836
872
1043
5
640
105
235
608
498
447
685
808
709
408
880
101
420
724
438
800
289
632
992
437
796
1029
852
935
57
691
929
1060
894
766
1085
581
262
931
589
52
370
407
483
1053
127
362
1018
1128
928
664
1039
1102
936
180
719
911
650
788
870
35
219
458
399
523
1014
1119
