74
888
1673
1722
1810
1836
1863
1900
1981
2002
2061
2085
2099
2108
2140
2167
3
947
1749
1801
480
1051
1461
82
183
813
868
1027
1378
1993
2134
239
527
1147
308
469
501
515
526
641
910
994
1216
1265
1350
1446
1447
1554
1624
1667
1735
1849
1931
1959
1983
1996
2123
579
1780
1906
1162
94
21
65
369
409
679
708
874
956
1034
1186
1242
1322
1352
1359
1372
1421
1494
1543
1572
1582
1619
1635
1752
1807
1885
2007
2040
2044
2119
2137
2142
491
182
285
676
851
941
963
1089
2058
156
368
672
961
1021
1193
1200
1418
1538
1591
1777
1789
1835
1890
1916
2148
108
455
784
198
1203
1594
1611
1830
1909
692
1631
875
448
62
76
87
111
125
134
186
218
222
333
345
406
516
568
623
688
689
771
804
818
836
893
932
1033
1062
1106
1136
1262
1272
1289
1305
1316
1390
1409
1488
1493
1497
1546
1552
1564
1585
1606
1608
1614
1622
1641
1702
1716
1740
1743
1766
1799
1806
1903
1935
1938
1955
1973
1977
2046
2072
2089
2090
2169
566
1704
0
136
283
194
304
486
1201
1269
1730
27
70
244
395
691
1220
1347
563
119
191
212
538
558
603
643
837
892
938
1219
1668
954
128
866
937
511
73
78
251
393
451
477
478
559
680
834
858
1100
1179
1353
1464
1469
1473
1495
1578
1580
1656
1728
1848
1867
2024
2039
2054
72
1102
9
12
421
1003
1097
1442
1293
1432
1452
1864
581
703
13
30
66
90
126
157
169
211
217
240
248
261
316
471
542
557
567
596
664
759
767
775
805
810
853
878
906
926
931
1059
1090
1223
1252
1389
1399
1416
1476
1482
1490
1505
1515
1539
1584
1625
1684
1688
1697
1703
1739
1746
1773
1859
1871
1879
1895
1911
1914
1927
1948
1968
2043
2070
349
89
535
750
405
15
122
288
439
588
600
674
675
745
830
944
1249
1308
1318
1329
1387
1455
1696
1767
319
770
1227
812
56
145
155
256
258
357
392
427
446
564
686
732
763
783
795
824
865
881
904
911
922
1055
1101
1108
1125
1295
1309
1310
1326
1337
1415
1458
1510
1511
1547
1896
1936
1966
2000
2084
2101
99
476
350
507
870
1504
652
61
107
175
272
287
374
447
528
648
701
816
817
900
962
1073
1313
1323
1590
1682
1760
1939
628
1047
16
