1175
95
334
493
537
569
585
594
595
921
1139
1150
1288
1737
1776
1868
377
355
613
200
160
193
241
249
338
359
544
886
909
1081
1159
1379
1875
950
35
25
38
1118
1196
1363
1621
28
209
237
441
948
500
153
554
93
46
233
1076
424
436
1474
607
630
196
216
364
1533
79
1117
1
33
36
40
60
64
77
102
140
154
206
224
229
263
277
279
292
297
314
324
330
340
346
356
383
407
412
415
420
433
440
449
467
474
481
503
508
520
522
532
536
543
549
553
556
572
574
605
609
627
640
646
659
685
696
711
717
751
757
764
796
807
820
825
840
842
854
883
890
897
898
901
905
923
955
972
988
993
998
999
1012
1020
1029
1037
1061
1071
1072
1079
1083
1113
1127
1154
1168
1170
1180
1183
1207
1231
1232
1234
1235
1259
1261
1264
1266
1321
1324
1339
1343
1345
1346
1349
1351
1355
1358
1368
1397
1398
1400
1425
1430
1441
1444
1456
1466
1470
1484
1486
1542
1550
1563
1587
1588
1599
1633
1637
1643
1648
1651
1662
1672
1689
1693
1712
1721
1723
1726
1729
1733
1734
1736
1779
1783
1787
1820
1822
1827
1833
1846
1852
1854
1862
1866
1872
1880
1905
1917
1919
1944
1956
1970
1975
1987
1988
2006
2015
2023
2028
2034
2091
2114
2131
2151
2158
666
213
201
398
845
32
715
232
472
296
430
37
135
226
667
863
1577
274
443
85
115
225
98
339
50
381
565
694
712
1209
1210
1238
1393
1642
298
199
219
284
302
434
570
620
1129
1189
1508
1569
1772
42
819
210
416
683
7
120
221
265
351
489
490
494
583
670
704
790
806
939
986
1084
1381
1576
1834
1843
322
203
81
148
1153
54
121
132
162
176
253
282
512
552
561
582
645
663
718
772
930
1046
1087
1135
1268
1411
1431
1468
1514
1670
2018
105
521
19
158
278
315
450
1052
1214
1279
454
1182
1304
246
1045
44
67
164
195
228
269
411
418
428
460
586
601
624
636
639
647
649
702
754
792
799
823
877
908
970
1018
1042
1063
1068
1096
1140
1148
1270
1277
1285
1286
1315
1327
1364
1383
1412
1413
1429
1492
1502
1509
1526
1589
1601
1652
1653
1661
1683
1745
1788
1797
1821
1861
1897
1925
1940
1962
2001
2017
2110
379
484
591
618
765
1056
1172
1549
100
184
270
391
625
660
728
785
860
873
1199
1333
1489
1632
1663
1725
1762
8
58
83
231
238
426
575
635
584
1567
104
519
1534
1082
202
6
18
47
68
80
84
109
149
163
235
276
303
360
518
560
592
606
668
682
705
747
762
773
781
782
798
838
895
927
945
1001
1094
1107
1109
1181
1205
1280
1302
1312
1367
1385
1438
1465
1517
1523
1525
1531
1593
1598
1647
1655
1692
1747
1774
1782
1790
1817
1837
1842
1860
1865
1878
1965
2010
2012
2019
2020
2031
2035
2049
2074
2105
2117
2125
2132
2152
2153
2166
254
700
734
755
978
1513
1714
52
622
1146
1356
894
170
280
294
456
616
1043
1467
267
41
215
362
517
1485
318
1080
189
242
311
378
401
423
531
546
547
638
651
690
726
774
788
829
940
984
1015
1054
1060
1064
1075
1093
1160
1192
1208
1236
1287
1354
1375
1417
1437
1477
1479
1496
1595
1649
1654
1912
1950
1964
2022
896
332
380
236
376
593
654
821
859
969
1276
1414
1487
1603
1874
731
1006
1131
344
358
634
884
973
1137
1009
91
143
214
230
299
530
1273
777
39
166
168
257
880
976
14
394
505
1174
264
2
31
71
86
101
118
139
142
159
167
174
188
245
295
320
323
325
329
336
347
361
382
386
400
402
408
452
453
470
496
498
529
533
541
562
577
587
610
615
617
637
644
657
671
681
684
687
693
706
709
716
727
736
738
739
742
752
766
778
809
811
826
828
832
843
867
907
920
933
951
960
967
995
996
997
1008
1013
1017
1022
1039
1058
1114
1119
1141
1152
1164
1191
1202
1206
1226
1237
1239
1263
1271
1357
1384
1435
1439
1450
1453
1471
1501
1503
1507
1540
1545
1558
1562
1565
1586
1607
1628
1630
1644
1675
1676
1694
1705
1715
1769
1798
1814
1818
1823
1828
1850
1876
1877
1892
1899
1902
1908
1926
1929
1937
1957
1967
1976
1979
1985
1994
2036
2041
2045
2047
2051
2062
2092
2094
2098
2112
2113
2115
2128
2130
2149
2154
2165
49
190
259
861
146
300
331
173
234
26
413
1010
327
497
789
1005
1122
1299
1336
1424
1428
1133
301
354
375
397
445
458
463
488
697
839
862
971
1247
1307
1314
1499
1506
1573
1623
1720
1853
337
373
856
991
1529
442
10
11
69
116
127
150
187
192
273
342
387
404
422
431
459
464
475
483
492
504
510
597
678
721
724
761
779
794
847
889
966
983
1000
1103
1111
1120
1145
1149
1157
1212
1225
1233
1256
1300
1319
1328
1374
1388
1394
1401
1451
1483
1532
1568
1581
1604
1615
1700
1719
1755
1781
1785
1792
1805
1812
1851
1869
1883
1886
1915
2013
2048
2055
2082
410
414
1361
335
1004
1065
131
223
289
417
468
534
540
653
698
1036
1040
1098
1105
1284
1332
1404
1449
1480
1560
1687
281
719
1121
1306
161
124
833
23
24
51
57
106
113
114
117
138
179
208
243
290
326
371
384
435
444
466
482
604
608
619
642
650
661
707
714
720
760
768
786
827
846
850
876
882
912
913
914
919
952
977
979
981
1016
1019
1026
1077
1099
1104
1115
1124
1155
1156
1171
1184
1190
1215
1224
1244
1245
1251
1275
1283
1291
1325
1341
1348
1360
1362
1366
1369
1370
1380
1382
1392
1402
1405
1434
1518
1524
1555
1575
1596
1597
1602
1613
1617
1618
1626
1640
1645
1669
1707
1708
1727
1732
1750
1758
1764
1770
1791
1794
1804
1824
1826
1831
1845
1870
1882
1887
1920
1922
1923
1934
1952
1969
1971
1992
1997
1998
2016
2027
2053
2057
2083
2096
2106
2118
2122
2126
2136
2138
2147
2162
2168
1095
800
987
147
96
317
390
465
917
1030
1260
396
1024
872
88
141
220
262
365
425
758
797
871
936
968
1142
1217
1218
1248
1257
1410
1472
1536
1629
1660
1771
1943
2103
665
1454
97
673
982
699
75
34
144
268
271
313
352
367
399
419
437
438
479
539
580
589
590
599
611
621
631
632
669
722
740
753
787
793
814
822
841
869
887
899
946
975
989
1014
1028
1044
1048
1112
1116
1138
1151
1165
1185
1187
1195
1221
1230
1258
1278
1281
1297
1331
1396
1423
1426
1491
1500
1512
1544
1566
1579
1583
1610
1620
1646
1657
1671
1677
1685
1686
1699
1711
1724
1738
1775
1802
1809
1832
1844
1855
1889
1901
1907
1910
1918
1941
1946
1947
1960
1963
1974
1989
1995
2003
2037
2056
2063
2073
2075
2077
2121
2124
2139
2145
2146
2157
2164
291
1701
808
1011
1066
1751
1759
1811
59
980
1002
1134
1303
4
29
181
255
266
312
321
328
353
389
429
432
506
523
524
573
576
695
730
733
915
928
929
953
974
1007
1023
1025
1069
1132
1143
1161
1166
1197
1241
1246
1253
1290
1296
1301
1340
1342
1376
1440
1460
1521
1553
1556
1600
1605
1616
1634
1674
1695
1717
1731
1753
1756
1796
1800
1921
1945
1949
1961
1978
1982
1984
1990
2042
2064
2067
2076
2079
2081
2093
2102
2133
2141
1158
743
1078
1194
403
110
112
178
205
227
293
305
310
366
462
473
487
525
548
655
658
677
710
723
744
748
791
801
803
831
844
848
855
959
1038
1070
1085
1092
1110
1282
1373
1403
1427
1445
1457
1481
1498
1519
1527
1650
1664
1665
1678
1709
1768
1829
1840
1873
1884
1986
2008
2100
2109
197
849
502
17
45
103
247
341
578
713
746
802
943
949
1057
1067
1169
1177
1250
1294
1386
1448
1516
1520
1574
1636
1765
1808
2030
185
252
626
852
885
925
1163
1211
1274
1338
1406
1433
1459
1535
1681
1713
1904
2111
499
1571
286
756
1091
1167
1292
1407
1786
1803
2060
55
363
1088
1240
1317
1557
20
1741
1128
1541
1991
260
737
348
165
513
5
22
43
48
53
63
92
123
129
130
133
137
151
152
171
172
177
180
204
207
250
275
306
307
309
343
370
372
385
388
457
461
485
495
509
514
545
550
551
555
571
598
602
612
614
629
633
656
662
725
729
735
741
749
769
776
780
815
835
857
864
879
891
902
903
916
918
924
934
935
942
957
958
964
965
985
990
992
1031
1032
1035
1041
1049
1050
1053
1074
1086
1123
1126
1130
1144
1173
1176
1178
1188
1198
1204
1213
1222
1228
1229
1243
1254
1255
1267
1298
1311
1320
1330
1334
1335
1344
1365
1371
1377
1391
1395
1408
1419
1420
1422
1436
1443
1462
1463
1475
1478
1522
1528
1530
1537
1548
1551
1559
1561
1570
1592
1609
1612
1627
1638
1639
1658
1659
1666
1679
1680
1690
1691
1698
1706
1710
1718
1742
1744
1748
1754
1757
1761
1763
1778
1784
1793
1795
1813
1815
1816
1819
1825
1838
1839
1841
1847
1856
1857
1858
1881
1888
1891
1893
1894
1898
1913
1924
1928
1930
1932
1933
1942
1951
1953
1954
1958
1972
1980
1999
2004
2005
2009
2011
2014
2021
2025
2026
2029
2032
2033
2038
2050
2052
2059
2065
2066
2068
2069
2071
2078
2080
2086
2087
2088
2095
2097
2104
2107
2116
2120
2127
2129
2135
2143
2144
2150
2155
2156
2159
2160
2161
2163
