448
246
536
563
692
666
319
85
0
136
283
111
203
35
62
154
350
381
93
1147
33
1117
200
703
251
368
379
298
37
79
500
377
954
428
302
135
226
415
770
1227
664
1252
1220
264
202
274
443
1261
405
581
511
1009
1045
561
210
416
683
1533
38
1118
628
1047
349
1003
285
1082
105
806
939
98
339
213
196
216
364
950
566
875
1538
739
83
322
201
398
652
830
1318
119
771
410
413
1010
777
267
1534
845
607
630
355
613
99
476
89
535
72
1102
1704
94
527
124
49
671
894
8
58
639
1148
54
512
582
570
1189
32
715
440
424
436
1474
334
493
585
763
1458
66
126
211
128
866
937
568
1614
108
455
784
679
1034
3
1133
693
318
1080
104
519
521
42
819
232
472
449
1180
46
233
1076
16
1175
812
1293
1432
1452
1864
194
304
486
1201
1269
1730
491
896
18
80
235
184
625
454
1182
1304
351
296
430
508
1079
1083
1726
153
554
272
374
648
1073
750
559
222
818
932
1390
156
672
1162
82
947
291
414
375
26
190
498
731
1006
1131
254
700
734
755
978
1513
1714
584
1567
418
636
1068
1327
81
148
1153
667
863
1577
277
279
292
324
330
605
820
972
1470
1484
28
209
237
441
948
507
870
1504
30
240
542
759
878
27
70
244
395
691
1347
1631
369
708
874
1372
239
1454
1095
719
794
453
14
394
505
1174
236
41
215
362
517
1485
109
705
1517
484
591
618
765
1056
1172
1549
121
1268
1411
115
225
206
685
1398
25
1196
1363
1621
145
564
1055
9
12
421
1097
1442
134
345
1106
182
676
851
941
963
1089
2058
1667
1931
1749
1801
2002
872
833
1361
442
259
861
86
541
960
39
166
168
257
880
976
332
380
52
622
1146
1356
231
238
426
575
635
19
158
278
315
450
1052
1214
1279
50
565
694
712
1209
1210
1238
1393
1642
356
522
1127
1234
1321
1345
1441
160
193
241
249
338
359
544
886
909
1081
1159
1379
1875
15
122
288
439
588
600
674
675
745
944
1249
1308
1329
1387
1455
1696
1767
191
212
538
558
603
643
837
892
938
1219
1668
198
1203
1594
1611
1830
1909
579
1780
1906
480
