1051
1461
1836
1900
800
987
223
150
273
422
721
889
463
146
300
331
188
320
615
1206
1644
91
143
214
230
299
530
1273
378
638
1192
1477
1649
149
163
303
360
781
1367
1747
44
67
164
195
269
601
754
1140
1383
199
219
284
434
620
1129
1508
1569
1772
1
412
481
532
854
883
898
1113
1587
1783
95
537
569
594
595
921
1139
1150
1288
1737
1776
1868
90
248
567
767
810
853
926
931
1399
1416
1476
1490
1688
1911
1968
87
623
689
836
893
1062
1262
1305
1493
1608
1799
1935
1955
65
409
1322
1352
1359
1572
2007
888
75
665
396
1024
23
1077
1370
161
335
1004
1065
337
373
856
991
1529
173
234
382
738
967
1152
1191
1979
344
358
634
884
973
1137
170
280
294
456
616
1043
1467
100
270
391
660
728
785
860
873
1199
1333
1489
1632
1663
1725
1762
7
120
221
265
489
490
494
583
670
704
790
986
1084
1381
1576
1834
1843
64
77
224
263
474
549
609
627
764
901
1170
1259
1339
1349
1358
1466
1563
1723
1729
1862
1987
61
107
175
287
447
528
701
816
817
900
962
1313
1323
1590
1682
1760
1939
73
78
393
451
477
478
680
834
858
1100
1179
1353
1464
1469
1473
1495
1578
1580
1656
1728
1848
1867
2024
2039
2054
961
1021
1193
1200
1418
1591
1777
1789
1835
1890
1916
2148
183
813
868
1027
1378
1993
2134
1863
2061
2085
2099
2140
502
403
928
699
936
147
117
290
846
1104
1791
281
1121
1306
192
459
483
597
847
1103
1388
1755
327
497
789
1005
1122
1299
1336
1424
1428
118
174
245
562
577
637
766
907
1141
1226
1239
1263
1503
1586
1769
376
593
654
821
859
969
1276
1414
1487
1603
1874
6
47
68
518
606
668
762
773
927
945
1181
1280
1438
1593
1598
132
162
176
253
282
552
645
663
718
772
930
1046
1087
1135
1431
1468
1514
1670
2018
40
102
297
340
346
407
503
553
572
646
751
757
923
988
1037
1061
1168
1183
1231
1232
1235
1264
1324
1343
1346
1351
1355
1397
1486
1633
1637
1712
1787
1820
1880
1975
56
155
256
258
357
392
427
446
686
732
783
795
824
865
881
904
911
922
1101
1108
1125
1295
1309
1310
1326
1337
1415
1510
1511
1547
1896
1936
1966
2000
2084
2101
125
186
218
333
406
516
688
804
1136
1272
1289
1316
1409
1488
1546
1552
1564
1585
1606
1622
1641
1702
1716
1743
1806
1903
1938
2046
2089
308
469
501
515
526
641
910
994
1216
1265
1350
1446
1447
1554
1624
1735
1849
1959
1983
1996
2123
1673
1810
1571
197
1158
59
980
1002
1134
1303
1701
599
1230
1491
1947
97
673
982
96
317
390
465
917
1030
1260
114
138
179
243
384
619
714
912
914
952
1019
1251
1291
1555
1732
1845
1969
131
289
417
468
534
540
653
698
1036
1040
1098
1105
1284
1332
1404
1449
1480
1560
1687
301
354
397
445
458
488
697
839
862
971
1247
1307
1314
1499
1506
1573
1623
1720
1853
159
295
408
452
496
533
736
752
809
826
996
1013
1017
1022
1039
1501
1540
1545
1558
1565
1675
1705
1715
1823
1902
1926
1929
189
242
311
401
423
531
546
547
651
690
726
774
788
829
940
984
1015
1054
1060
1064
1075
1093
1160
1208
1236
1287
1354
1375
1417
1437
1479
1496
1595
1654
1912
1950
1964
2022
228
411
460
586
624
647
649
702
792
799
823
877
908
970
1018
1042
1063
1096
1270
1277
1285
1286
1315
1364
1412
1413
1429
1492
1502
1509
1526
1589
1601
1652
1653
1661
1683
1745
1788
1797
1821
1861
1897
1925
1940
1962
2001
2017
2110
36
140
229
314
383
420
433
520
543
640
659
696
711
717
796
807
825
840
897
993
998
999
1029
1071
1072
1154
1266
1368
1425
1430
1456
1542
1599
1643
1648
1662
1672
1689
1721
1733
1734
1736
1779
1827
1852
1854
1872
1905
1917
1944
2015
2028
2034
2091
2114
13
157
169
217
261
316
471
557
596
775
805
906
1059
1090
1223
1389
1482
1505
1515
1539
1584
1625
1684
1697
1703
1739
1746
1773
1859
1871
1879
1895
1914
1927
1948
2043
2070
21
956
1186
1242
1421
1494
1543
1582
1619
1635
1752
1807
1885
2040
2044
2119
2137
2142
74
1981
2108
286
499
925
341
849
1527
743
1078
1194
506
1674
1695
808
1011
1066
1751
1759
1811
313
399
419
479
621
753
899
946
975
1014
1028
1044
1187
1195
1221
1258
1297
1331
1396
1423
1646
1832
1918
88
141
220
262
365
425
758
797
871
968
1142
1217
1218
1248
1257
1410
1472
1536
1629
1660
1771
1943
2103
24
51
57
106
113
208
326
371
435
444
482
608
642
650
661
707
827
850
876
882
981
1016
1026
1124
1155
1190
1224
1245
1275
1341
1362
1405
1618
1640
1824
1870
1882
1934
1952
1971
2096
2106
10
11
69
116
127
187
342
387
404
431
464
475
492
504
510
678
724
761
779
966
983
1000
1111
1120
1145
1149
1157
1212
1225
1233
1256
1300
1319
1328
1374
1394
1401
1451
1483
1532
1568
1581
1604
1615
1700
1719
1781
1785
1792
1805
1812
1851
1869
1883
1886
1915
2013
2048
2055
2082
31
101
139
142
167
323
325
329
336
347
361
386
400
402
529
587
610
617
657
681
684
687
706
709
716
727
742
811
828
832
843
867
933
951
1008
1058
1114
1164
1202
1271
1357
1384
1435
1439
1450
1453
1471
1507
1607
1628
1630
1676
1694
1798
1814
1818
1828
1850
1876
1877
1892
1899
1908
1937
1957
1967
1976
1985
1994
2036
2045
2051
2062
2092
2094
2098
2112
2115
2130
2149
2165
84
276
560
592
682
747
782
798
838
895
1001
1094
1107
1109
1205
1302
1312
1385
1465
1523
1525
1531
1647
1655
1692
1774
1782
1790
1817
1837
1842
1860
1865
1878
1965
2010
2012
2019
2020
2031
2035
2049
2074
2105
2117
2125
2132
2152
2153
2166
60
467
556
574
842
890
905
955
1012
1020
1207
1400
1444
1550
1588
1651
1693
1822
1833
1846
1866
1919
1970
2006
2023
2131
76
1033
1497
1740
1766
1973
1977
2072
2090
2169
1722
2167
513
165
348
737
260
1991
1128
1541
20
1741
55
363
1088
1240
1317
1557
756
1091
1167
1292
1407
1786
1803
2060
185
252
626
852
885
1163
1211
1274
1338
1406
1433
1459
1535
1681
1713
1904
2111
17
45
103
247
578
713
746
802
943
949
1057
1067
1169
1177
1250
1294
1386
1448
1516
1520
1574
1636
1765
1808
2030
110
112
178
205
227
293
305
310
366
462
473
487
525
548
655
658
677
710
723
744
748
791
801
803
831
844
848
855
959
1038
1070
1085
1092
1110
1282
1373
1403
1427
1445
1457
1481
1498
1519
1650
1664
1665
1678
1709
1768
1829
1840
1873
1884
1986
2008
2100
2109
4
29
181
255
266
312
321
328
353
389
429
432
523
524
573
576
695
730
733
915
929
953
974
1007
1023
1025
1069
1132
1143
1161
1166
1197
1241
1246
1253
1290
1296
1301
1340
1342
1376
1440
1460
1521
1553
1556
1600
1605
1616
1634
1717
1731
1753
1756
1796
1800
1921
1945
1949
1961
1978
1982
1984
1990
2042
2064
2067
2076
2079
2081
2093
2102
2133
2141
34
144
268
271
352
367
437
438
539
580
589
590
611
631
632
669
722
740
787
793
814
822
841
869
887
989
1048
1112
1116
1138
1151
1165
1185
1278
1281
1426
1500
1512
1544
1566
1579
1583
1610
1620
1657
1671
1677
1685
1686
1699
1711
1724
1738
1775
1802
1809
1844
1855
1889
1901
1907
1910
1941
1946
1960
1963
1974
1989
1995
2003
2037
2056
2063
2073
2075
2077
2121
2124
2139
2145
2146
2157
2164
466
604
720
760
768
786
913
919
977
979
1099
1115
1156
1171
1184
1215
1244
1283
1325
1348
1360
1366
1369
1380
1382
1392
1402
1434
1518
1524
1575
1596
1597
1602
1613
1617
1626
1645
1669
1707
1708
1727
1750
1758
1764
1770
1794
1804
1826
1831
1887
1920
1922
1923
1992
1997
1998
2016
2027
2053
2057
2083
2118
2122
2126
2136
2138
2147
2162
2168
2
71
470
644
778
920
995
997
1119
1237
1562
2041
2047
2113
2128
2154
1956
1988
2151
2158
309
1254
879
1229
63
370
598
891
964
1228
1255
1320
1559
1691
1710
2014
2086
130
177
514
1032
1311
1371
1679
1778
1999
2097
123
137
172
457
461
614
656
729
741
857
918
934
942
957
1035
1050
1334
1419
1570
1609
1659
1698
1815
1825
1980
2088
171
485
550
629
633
735
780
864
1086
1123
1130
1176
1188
1213
1330
1377
1391
1395
1462
1522
1530
1638
1763
1816
1856
1913
2004
2026
2068
2080
5
22
43
48
53
92
151
180
250
275
306
307
388
509
545
551
776
958
965
985
990
1031
1041
1049
1173
1178
1267
1335
1344
1365
1408
1420
1528
1537
1551
1561
1612
1690
1744
1748
1757
1793
1813
1839
1847
1858
1893
1898
1942
1951
1954
1958
1972
2005
2011
2032
2038
2065
2066
2071
2078
2107
2129
2135
2143
2144
2150
2156
2159
2160
129
152
372
495
571
602
612
725
749
769
815
835
902
903
935
1074
1126
1204
1222
1243
1298
1443
1475
1592
1627
1658
1680
1706
1718
1742
1754
1761
1784
1819
1888
1891
1894
1928
1930
1932
2009
2021
2025
2033
2069
2087
2095
2155
2161
133
204
207
343
385
662
916
924
992
1144
1422
1436
1463
1478
1548
1639
1666
1795
1838
1841
1857
1881
1924
2029
2050
2052
2059
2104
2116
2120
2127
2163
1053
1198
1933
555
1953
