44
47
512
152
161
284
42
115
94
1
66
12
59
414
136
186
34
78
72
38
420
60
169
2
49
97
245
290
155
441
257
57
198
23
314
203
26
271
525
196
90
329
30
317
9
6
199
385
176
406
325
599
233
67
160
148
18
352
346
363
69
107
398
461
85
105
266
140
130
61
237
380
253
70
631
124
137
195
205
252
86
68
430
371
25
221
516
178
168
56
316
21
470
405
28
272
629
350
262
417
301
580
15
177
285
192
324
335
32
100
164
468
197
183
431
143
399
292
716
83
384
513
553
326
416
95
354
13
216
200
22
27
453
220
127
181
128
103
19
591
92
175
172
544
493
228
40
576
351
311
182
208
76
249
507
510
79
102
355
133
282
119
242
4
447
360
218
401
256
356
3
190
153
62
743
273
209
73
211
547
365
219
146
236
336
364
397
305
