747
63
348
61
239
352
388
579
238
680
234
520
862
577
630
200
615
24
632
444
500
523
560
622
816
375
391
872
269
366
114
138
374
617
106
142
740
312
543
206
212
666
79
213
638
833
954
950
177
258
205
2
120
503
11
135
1082
134
361
362
337
524
178
257
699
761
46
367
641
681
23
355
640
211
286
536
580
606
856
105
427
769
37
171
772
968
425
479
656
509
447
432
674
873
989
244
561
727
117
208
445
853
270
768
128
196
272
389
459
667
750
226
364
668
197
347
356
402
748
144
605
712
834
1015
455
501
1074
13
842
717
43
188
395
725
5
59
441
719
183
566
865
7
564
883
980
1087
201
422
429
546
600
676
1029
51
359
45
221
289
589
621
650
799
78
252
283
316
336
378
751
20
552
562
805
185
728
802
1033
601
777
789
233
466
90
140
879
893
232
354
696
941
161
464
477
227
373
715
995
82
318
346
504
572
19
60
353
698
742
864
912
1018
1039
71
471
170
677
830
260
331
551
896
55
91
110
168
449
906
94
241
340
342
513
595
984
73
80
155
363
582
687
724
840
971
1035
303
453
692
734
759
812
939
1023
67
330
599
639
843
887
892
945
145
159
411
658
743
773
804
1104
160
409
417
540
597
846
109
392
396
702
779
326
368
405
450
626
956
83
309
403
535
588
613
811
174
329
394
567
701
198
473
679
888
895
934
1020
1047
49
219
295
345
691
822
1012
210
320
321
733
792
408
781
976
1026
86
275
323
350
819
935
147
230
485
518
594
623
723
784
794
274
494
866
1042
3
259
341
507
891
909
977
175
273
555
838
248
472
532
586
720
785
1017
88
146
207
327
616
790
839
928
943
967
1105
25
72
77
103
116
279
281
285
304
334
412
517
531
671
886
123
430
442
644
940
987
1109
69
113
124
127
164
315
476
645
835
849
851
921
969
1005
108
141
229
278
385
475
653
660
673
924
136
393
397
420
446
519
688
706
854
29
172
299
467
480
695
735
845
231
296
344
1056
191
195
633
636
867
913
1071
152
301
349
401
454
760
828
107
151
203
236
436
457
458
505
541
693
704
1116
56
300
306
619
648
829
897
951
973
1108
1133
249
484
713
47
163
228
290
440
850
937
953
972
1060
1078
184
192
625
694
731
857
874
885
41
99
360
508
556
635
732
858
910
994
1058
1101
68
119
125
169
461
607
684
703
470
565
651
758
993
104
357
369
400
451
813
990
1124
1125
95
235
310
428
737
770
871
1043
1051
1055
27
93
98
193
242
302
468
492
710
767
831
167
216
383
433
495
583
602
614
708
780
787
938
1004
1032
1044
1132
26
89
180
199
277
288
293
351
452
487
510
659
729
762
765
797
803
947
991
1089
39
126
131
153
245
421
448
496
612
683
730
771
800
825
1076
1102
132
223
237
526
547
568
661
766
900
1119
156
218
365
380
465
469
570
571
1011
1038
17
85
139
176
584
664
782
880
907
914
1025
1046
1059
21
121
154
186
266
267
297
339
390
406
407
515
672
814
832
1010
1045
1128
28
122
137
220
256
284
325
410
506
669
685
716
757
826
837
882
894
904
960
1016
1024
34
481
512
521
554
593
649
690
916
931
988
1062
1086
92
181
240
439
569
590
609
647
707
721
1036
1054
36
57
70
328
333
435
678
689
890
978
979
1013
1091
265
268
371
372
522
525
574
585
714
877
903
944
1034
1114
1121
423
489
559
592
754
817
820
961
1072
1075
1094
324
550
786
798
852
855
986
1014
133
150
250
415
534
611
755
806
821
863
925
1081
1112
1122
6
14
22
97
276
314
317
387
499
528
841
860
1073
42
189
254
563
918
922
948
962
1068
187
209
264
398
763
899
902
923
959
1021
1098
1099
1129
165
182
305
343
404
437
537
665
709
756
764
898
911
926
1066
1070
1110
1118
101
173
490
548
628
634
775
936
1061
1117
1126
9
16
30
65
75
118
194
414
578
627
697
818
824
889
949
981
996
53
76
143
426
527
587
629
637
776
815
1031
52
158
261
424
538
598
604
646
711
752
753
905
992
15
102
214
262
557
654
774
958
1009
1079
1080
1096
1127
115
130
190
204
280
291
311
511
539
603
663
932
1001
1027
1028
1049
33
225
298
307
370
529
545
596
705
795
974
1037
1111
112
129
253
778
801
1063
1103
335
382
416
575
848
861
930
946
966
970
1041
1052
1120
162
282
379
744
869
927
965
1019
1097
149
179
246
251
530
847
868
917
920
957
1007
1088
4
54
87
111
202
338
736
809
859
985
1107
313
438
686
793
823
915
942
1006
1092
1106
308
474
497
581
643
655
675
791
796
875
881
998
1093
738
810
844
870
919
955
963
1050
10
384
533
652
670
682
722
726
745
746
983
999
1008
1022
1069
1084
460
608
620
631
783
929
1000
1002
1003
1085
1131
81
413
462
558
827
876
884
952
1064
50
263
463
901
1090
332
434
502
542
700
788
1030
1057
1077
718
1113
1115
642
741
997
1083
1134
1
66
807
975
1048
1130
18
456
544
657
933
1065
100
157
964
573
166
749
1053
255
491
1040
1067
1100
878
908
1123
1095
982
1135
322
215
