800
922
465
523
919
531
793
902
484
709
884
81
304
791
806
407
578
332
869
472
429
741
863
327
496
754
419
601
840
560
731
888
289
587
814
129
835
33
476
670
685
39
241
595
679
750
600
375
158
713
185
641
881
890
914
937
412
761
225
648
80
415
619
650
127
732
653
552
859
422
438
758
666
788
180
811
300
251
96
8
20
411
65
440
816
463
338
483
878
297
466
638
759
895
543
131
215
277
227
410
632
789
871
934
591
555
455
379
378
400
729
851
509
739
777
623
664
722
171
557
188
302
165
43
114
310
374
489
520
538
550
676
725
801
847
900
526
654
812
498
730
534
698
394
899
216
615
452
695
844
295
568
381
671
762
823
825
915
931
436
829
748
280
389
475
718
760
839
867
860
629
858
264
514
621
135
226
421
456
505
569
672
898
901
910
660
545
566
