user_id
639
690
274
471
604
714
765
836
930
246
331
139
582
792
807
283
541
883
542
769
341
358
775
929
450
719
122
84
423
296
340
344
234
243
244
535
585
723
747
797
831
935
802
116
477
149
348
37
655
805
565
282
540
611
740
41
637
686
790
249
3
798
891
170
794
230
609
687
724
784
865
887
928
134
896
25
396
663
681
787
908
133
630
536
217
912
219
76
238
737
738
786
903
239
490
647
757
768
848
299
391
752
365
253
138
206
240
369
529
616
617
622
642
803
841
223
460
743
29
368
449
485
907
74
5
229
882
275
444
482
634
770
110
77
123
145
589
607
644
833
834
491
214
646
362
539
371
667
744
824
547
736
279
50
150
250
657
662
764
838
874
880
906
224
32
527
528
301
326
356
596
625
809
917
940
942
320
592
205
705
447
515
911
118
502
773
232
112
703
106
117
462
533
4
166
701
872
194
387
430
778
231
598
187
202
210
306
337
495
558
603
627
675
704
711
715
721
774
813
861
889
913
923
925
933
939
15
628
503
247
293
174
35
392
204
893
120
846
276
155
113
9
201
435
742
255
426
448
618
822
70
674
384
513
493
454
511
673
796
876
130
562
242
425
151
702
746
756
532
382
256
317
268
322
343
656
62
290
178
339
363
38
53
608
864
926
941
380
417
260
464
658
680
153
492
281
309
367
735
645
401
19
208
24
397
48
173
67
291
519
564
830
857
335
267
468
439
294
13
573
176
179
480
669
125
278
597
927
218
7
712
766
323
355
849
855
868
877
409
478
63
349
817
211
83
517
584
677
516
446
700
58
334
46
109
182
474
697
720
818
828
853
873
904
938
544
684
233
518
14
272
577
342
93
559
571
383
286
588
631
372
733
590
689
73
28
810
819
121
612
633
220
364
11
313
68
156
486
209
103
75
370
886
311
453
710
716
111
745
404
445
287
487
203
347
55
385
413
574
346
351
30
64
488
581
626
652
795
27
707
418
314
546
354
330
196
186
708
108
804
767
924
45
148
776
16
504
257
580
333
521
97
254
105
451
433
98
548
624
661
696
755
82
273
388
530
554
594
782
292
668
303
437
473
932
324
424
497
408
308
458
563
727
751
23
357
315
845
95
261
195
266
137
189
307
537
583
71
22
575
167
643
781
785
854
936
329
236
345
104
157
132
172
500
875
921
192
160
52
91
832
86
606
691
753
199
72
576
352
128
191
207
815
325
599
200
399
620
443
682
221
159
897
143
683
59
284
561
885
6
285
843
21
469
553
431
393
181
402
328
556
728
405
386
572
726
119
79
102
18
183
265
312
442
0
169
142
427
175
420
154
162
222
288
428
434
522
567
613
614
699
866
892
894
459
85
470
144
124
678
262
198
213
42
467
457
432
779
461
78
481
510
506
366
12
259
610
635
692
56
316
350
90
821
54
235
395
636
693
749
909
88
508
837
184
771
1
107
100
694
763
850
40
441
34
136
212
336
398
51
197
49
507
237
905
270
47
862
248
414
305
359
141
856
416
827
586
377
190
525
734
164
376
2
269
245
360
57
92
61
651
579
10
193
706
920
94
89
69
717
140
258
321
602
252
31
271
870
87
101
361
808
373
17
512
115
66
494
228
353
263
60
161
36
177
403
688
799
918
479
772
640
298
126
44
390
406
152
163
649
147
168
318
499
549
146
659
501
780
852
665
783
916
524
593
319
551
879
605
820
842
570
826
26
99
