1	29	5 
1	495	2 
2	163	5 
2	649	5 
4	1517	3 
5	472	5 
6	636	4 
7	362	4 
7	451	4 
7	536	4 
8	254	5 
9	286	5 
9	873	3 
10	7	5 
12	43	5 
12	83	5 
12	453	5 
14	444	5 
14	692	3 
14	706	5 
15	267	5 
15	971	4 
17	1146	4 
18	103	5 
18	307	5 
18	383	5 
18	819	5 
19	439	5 
19	1364	3 
20	82	5 
20	97	2 
20	118	4 
20	1332	2 
22	350	5 
23	173	5 
23	630	4 
23	727	4 
25	1057	5 
25	1357	5 
27	833	5 
28	1413	3 
29	307	5 
29	362	4 
30	220	4 
30	477	5 
30	998	5 
31	416	5 
31	1149	4 
32	10	5 
32	147	5 
32	690	5 
33	515	5 
34	299	5 
36	686	5 
37	377	5 
38	945	5 
39	110	5 
39	219	2 
39	447	5 
39	712	4 
39	1300	4 
41	404	4 
42	26	5 
42	379	5 
43	0	4 
43	40	3 
43	242	4 
43	400	5 
44	28	5 
44	242	4 
44	1328	5 
45	1291	4 
46	159	5 
46	779	5 
47	198	5 
47	256	4 
48	28	3 
48	266	5 
48	580	5 
49	275	5 
49	618	5 
49	698	5 
49	870	3 
51	179	5 
51	214	5 
51	836	5 
53	246	4 
54	40	4 
54	49	5 
54	289	4 
54	936	5 
55	392	4 
56	404	5 
56	848	5 
57	54	5 
57	58	4 
57	206	5 
57	230	4 
57	329	4 
57	399	3 
57	472	5 
57	730	4 
57	900	5 
57	1016	5 
58	26	5 
58	206	4 
58	319	5 
59	3	2 
59	404	5 
59	679	3 
60	317	5 
60	547	4 
61	317	4 
61	968	4 
62	182	4 
62	746	1 
63	588	5 
63	859	5 
64	59	4 
64	1553	4 
65	312	5 
65	779	5 
65	1010	5 
67	683	5 
67	1285	5 
68	337	5 
69	643	5 
70	76	3 
70	271	5 
70	440	3 
70	459	5 
70	1366	4 
71	10	5 
71	795	4 
72	177	3 
73	188	5 
74	188	5 
74	720	5 
74	1277	5 
75	10	5 
75	255	4 
76	188	4 
76	404	4 
76	451	4 
77	796	5 
77	1189	5 
79	20	5 
79	75	4 
79	586	4 
80	14	4 
80	33	3 
80	162	4 
80	374	3 
81	429	5 
81	495	5 
81	836	5 
81	838	1 
82	475	2 
82	493	5 
82	839	5 
83	351	5 
85	155	4 
85	267	4 
86	487	5 
87	687	4 
87	852	4 
87	859	5 
89	239	5 
89	643	5 
90	90	5 
91	684	5 
91	776	4 
94	272	5 
94	471	4 
95	718	2 
95	1089	4 
96	161	5 
98	42	5 
98	475	4 
98	887	5 
101	15	4 
101	227	2 
102	479	4 
102	718	4 
103	209	5 
103	247	5 
103	1027	5 
104	13	5 
104	112	5 
104	300	3 
105	440	3 
105	668	3 
107	63	5 
107	312	5 
107	454	5 
107	1184	3 
108	810	5 
109	159	3 
109	590	4 
110	94	3 
110	121	5 
110	1012	4 
112	29	4 
112	110	4 
112	212	5 
112	274	4 
112	1474	4 
113	160	5 
113	484	3 
113	827	5 
114	160	5 
114	186	4 
114	243	4 
114	672	4 
115	152	3 
118	267	5 
118	433	4 
118	1134	4 
121	605	5 
122	258	3 
123	43	5 
123	70	5 
126	808	5 
127	70	4 
127	256	4 
127	412	5 
128	117	4 
128	145	3 
128	544	3 
128	564	4 
128	836	5 
128	890	4 
128	1025	5 
128	1156	5 
128	1500	5 
129	32	5 
129	43	5 
129	98	5 
129	428	5 
129	1278	4 
130	104	4 
130	272	2 
131	223	5 
131	713	2 
132	206	3 
133	612	4 
134	444	5 
134	582	5 
136	936	3 
137	586	4 
138	366	5 
138	734	4 
139	25	5 
139	141	5 
139	173	4 
140	692	5 
140	1049	5 
141	537	5 
141	548	5 
142	19	5 
142	24	4 
142	493	4 
144	216	5 
144	297	5 
144	492	5 
145	432	5 
145	1420	3 
146	515	3 
146	736	5 
146	1183	5 
147	1258	5 
148	40	4 
148	76	4 
148	475	5 
148	580	5 
148	1107	5 
149	2	4 
150	69	5 
150	288	5 
150	440	4 
150	750	4 
151	732	3 
152	31	5 
152	76	5 
152	124	5 
152	127	5 
152	204	5 
152	392	5 
152	410	5 
152	441	5 
152	550	5 
152	969	5 
152	1527	5 
153	109	4 
153	271	5 
153	320	4 
153	854	5 
153	947	4 
154	385	5 
155	337	5 
156	1413	4 
157	770	4 
157	821	4 
158	1252	5 
159	114	5 
159	374	5 
159	439	5 
160	905	5 
162	109	5 
162	236	5 
162	1107	5 
163	11	5 
163	80	3 
165	272	3 
165	887	5 
165	1080	4 
166	80	5 
166	166	5 
166	240	5 
166	242	5 
168	147	5 
168	384	5 
169	332	5 
169	451	5 
169	712	5 
169	752	5 
169	969	5 
170	579	1 
170	1010	2 
170	1139	5 
171	421	5 
171	698	5 
171	728	2 
173	0	5 
173	58	5 
173	157	5 
173	509	5 
173	514	5 
173	681	5 
173	684	5 
173	1136	4 
174	101	5 
174	439	3 
175	302	3 
175	723	5 
176	31	5 
176	250	3 
177	51	2 
177	387	3 
178	183	5 
179	228	5 
180	126	5 
180	667	4 
181	231	4 
181	335	4 
182	383	5 
182	549	5 
183	340	5 
183	1033	4 
184	76	2 
184	355	5 
184	516	5 
184	580	5 
185	1080	5 
185	1292	3 
186	169	5 
186	198	5 
186	978	5 
186	980	5 
187	562	4 
187	1500	5 
189	908	4 
190	315	4 
190	623	3 
192	287	5 
192	971	5 
193	1494	1 
194	86	5 
194	302	4 
194	529	5 
194	913	5 
195	941	5 
195	1227	5 
196	1261	5 
196	1340	5 
196	1432	5 
197	147	4 
197	335	4 
197	394	4 
197	615	4 
197	630	5 
197	696	4 
197	808	4 
197	1010	4 
198	30	4 
200	38	4 
200	236	4 
200	245	5 
200	668	3 
200	996	5 
200	1387	5 
201	103	4 
201	119	3 
201	333	4 
202	109	3 
202	788	4 
203	189	5 
205	410	5 
205	521	3 
205	770	5 
205	854	4 
205	1278	3 
206	750	4 
208	109	3 
208	543	3 
208	761	5 
210	299	5 
210	318	1 
210	403	5 
211	239	5 
212	296	4 
212	351	3 
212	479	5 
212	785	4 
212	941	4 
213	237	4 
213	479	4 
214	218	2 
214	404	2 
216	441	5 
218	332	3 
218	511	3 
220	867	4 
221	51	4 
221	233	5 
221	810	5 
222	1566	3 
227	29	5 
227	439	2 
227	772	4 
227	839	5 
227	1138	5 
228	1348	4 
230	26	5 
230	251	3 
230	398	5 
230	741	2 
231	948	5 
232	448	5 
232	610	5 
233	1370	5 
235	310	5 
235	387	5 
235	686	5 
236	60	4 
236	1590	5 
237	308	4 
238	384	5 
239	223	5 
240	161	3 
242	26	5 
242	86	5 
242	306	4 
242	399	2 
242	458	4 
242	686	5 
242	1263	5 
244	30	4 
244	225	5 
244	698	5 
244	752	5 
244	757	5 
245	120	5 
246	30	4 
247	153	5 
248	177	4 
248	377	5 
248	1385	4 
249	429	4 
251	10	5 
251	30	4 
251	151	3 
251	297	5 
252	169	3 
253	1116	4 
253	1202	2 
254	1194	5 
255	65	4 
255	674	4 
255	789	4 
256	286	5 
258	155	5 
258	941	5 
260	66	5 
260	400	5 
260	870	3 
261	30	4 
261	312	5 
261	471	4 
262	75	5 
263	43	4 
263	326	5 
263	1049	2 
264	1074	5 
265	336	4 
265	437	5 
265	591	3 
267	90	4 
267	150	4 
267	279	5 
268	127	4 
268	418	4 
269	17	5 
269	471	3 
269	486	4 
270	204	5 
270	474	1 
272	94	1 
273	638	4 
273	663	5 
273	901	5 
273	1465	5 
274	28	3 
274	139	3 
274	782	5 
275	57	5 
275	1157	5 
277	7	5 
277	103	5 
277	372	5 
277	690	5 
278	104	5 
278	173	4 
278	589	5 
278	1557	5 
279	151	3 
279	272	4 
279	435	4 
280	71	2 
280	247	5 
280	976	3 
280	1060	5 
280	1154	5 
281	54	5 
281	250	3 
281	921	3 
282	110	5 
282	1194	3 
282	1337	5 
283	83	3 
283	308	5 
283	602	5 
284	75	5 
284	147	4 
284	511	5 
285	657	5 
286	44	4 
288	74	5 
288	220	4 
289	402	5 
289	965	4 
290	955	5 
293	257	4 
293	529	4 
293	597	5 
293	617	4 
293	821	5 
293	996	5 
294	284	4 
296	404	5 
296	577	5 
297	74	4 
298	120	3 
299	57	5 
299	110	3 
299	314	5 
299	453	5 
300	56	5 
301	633	4 
302	67	4 
303	1027	5 
304	314	5 
305	0	5 
305	105	5 
305	402	5 
307	145	5 
307	169	4 
308	319	5 
308	384	5 
308	389	5 
309	290	4 
309	336	4 
309	722	4 
309	758	4 
310	26	5 
310	440	2 
311	129	5 
311	209	5 
311	239	4 
311	770	3 
312	1278	3 
314	1442	3 
315	30	3 
315	308	5 
315	335	5 
316	1023	5 
316	1261	5 
317	909	5 
317	1088	5 
319	1148	4 
320	257	4 
320	267	4 
320	404	3 
321	4	5 
321	9	5 
321	760	5 
322	103	4 
322	981	4 
324	421	4 
324	797	3 
325	105	5 
325	228	5 
325	266	5 
325	302	5 
325	735	5 
325	1032	5 
328	103	5 
328	139	5 
328	409	1 
329	129	4 
329	145	3 
329	161	4 
329	169	5 
329	316	4 
329	318	5 
329	551	5 
329	580	5 
329	1205	4 
329	1296	5 
330	307	3 
330	346	5 
331	145	5 
331	304	4 
331	432	5 
331	668	4 
333	160	5 
333	189	5 
334	27	5 
337	478	4 
338	318	5 
339	529	3 
339	603	3 
339	836	4 
340	90	4 
340	228	3 
341	95	4 
342	216	4 
342	439	5 
342	808	4 
343	208	4 
343	672	3 
343	797	2 
345	580	4 
345	598	4 
345	612	5 
346	98	5 
347	225	4 
347	253	5 
347	1042	3 
348	2	5 
349	288	5 
349	316	5 
349	681	5 
349	857	5 
350	1105	1 
351	56	5 
352	730	5 
352	968	5 
353	95	5 
354	30	4 
355	404	4 
355	857	4 
355	901	4 
355	992	4 
357	1045	5 
360	37	4 
360	145	5 
360	189	4 
360	425	4 
360	602	4 
360	858	4 
361	380	4 
361	1078	4 
363	6	4 
363	854	5 
364	216	3 
364	465	5 
366	125	5 
366	288	4 
366	442	5 
366	459	5 
366	810	5 
367	153	4 
367	179	4 
367	559	3 
367	1300	4 
369	471	4 
371	40	3 
371	268	5 
371	326	5 
372	3	5 
372	145	5 
373	12	5 
373	40	3 
373	248	5 
373	857	3 
373	1553	5 
376	445	5 
376	530	5 
376	1010	4 
377	812	5 
377	1083	5 
378	230	4 
378	233	5 
378	316	5 
378	716	4 
378	852	5 
378	983	5 
379	223	5 
379	886	5 
379	900	5 
381	57	4 
381	229	5 
382	753	5 
384	223	4 
385	1513	4 
386	1333	5 
386	1334	5 
387	20	5 
387	43	4 
388	95	5 
389	181	5 
389	821	3 
389	853	5 
390	449	4 
391	218	3 
391	400	5 
391	667	4 
392	284	5 
393	132	5 
393	271	5 
393	326	5 
393	502	4 
393	675	4 
393	839	5 
393	1576	5 
394	186	5 
394	249	5 
394	250	5 
394	365	5 
394	429	5 
394	439	5 
395	627	4 
398	200	5 
398	715	5 
399	391	4 
400	25	5 
400	313	4 
401	130	2 
401	340	3 
401	1360	5 
403	251	3 
404	619	5 
405	217	3 
407	207	5 
407	687	5 
407	1052	5 
407	1091	5 
410	195	1 
410	396	4 
410	815	3 
410	929	3 
412	266	5 
413	48	5 
414	165	5 
414	310	3 
414	370	5 
414	398	4 
414	1269	3 
415	16	5 
415	556	5 
417	550	5 
418	151	3 
419	1495	5 
420	378	4 
421	70	5 
421	242	4 
421	776	3 
421	799	5 
423	870	3 
424	686	5 
424	1378	4 
425	473	5 
425	719	4 
426	139	5 
426	838	5 
427	78	5 
427	103	4 
427	247	3 
427	265	5 
428	573	5 
428	1267	4 
428	1588	1 
429	759	4 
429	793	5 
429	1301	5 
429	1565	5 
430	279	5 
430	312	5 
430	406	5 
430	536	5 
431	90	4 
433	42	5 
433	826	3 
433	1534	4 
434	439	5 
434	917	5 
436	120	3 
438	440	3 
438	441	5 
440	22	5 
441	50	4 
441	90	3 
441	119	3 
441	236	4 
441	288	3 
441	320	4 
441	362	5 
441	616	4 
442	83	5 
442	99	5 
443	236	5 
443	1534	5 
444	44	3 
444	50	3 
444	312	4 
444	355	4 
445	56	5 
445	378	4 
445	917	4 
446	138	5 
446	800	3 
446	1137	4 
447	1313	3 
447	1549	4 
448	1	4 
448	40	4 
448	300	5 
448	440	3 
448	683	5 
449	375	5 
449	703	5 
449	1133	5 
450	78	5 
450	1057	4 
451	183	4 
451	222	5 
453	6	4 
453	50	4 
453	76	4 
453	78	4 
453	319	4 
453	936	5 
454	43	5 
454	57	4 
454	88	5 
454	145	4 
454	237	5 
454	402	4 
454	566	4 
456	1463	5 
456	1585	5 
457	43	4 
457	139	4 
458	280	5 
459	228	2 
459	242	5 
460	102	5 
460	265	5 
460	316	5 
460	497	5 
461	65	5 
461	267	5 
461	286	5 
461	318	5 
461	398	5 
461	936	5 
462	272	5 
462	377	5 
463	346	5 
464	24	4 
464	602	4 
465	285	5 
465	497	2 
466	145	5 
466	189	5 
468	1012	4 
469	294	5 
469	590	3 
470	20	4 
470	31	5 
470	76	4 
470	82	4 
470	247	5 
470	275	4 
470	297	5 
470	397	4 
470	664	4 
471	99	4 
472	957	4 
474	1398	5 
475	94	4 
475	369	5 
476	43	5 
476	53	5 
476	245	5 
476	274	5 
476	307	5 
476	837	5 
477	326	5 
484	1520	5 
485	296	4 
486	186	5 
486	876	5 
488	965	5 
490	97	3 
490	170	2 
491	249	5 
491	405	4 
491	1067	5 
493	220	4 
493	398	4 
494	22	5 
497	688	5 
498	22	5 
498	161	4 
498	541	5 
501	296	5 
501	1104	4 
502	42	5 
502	236	3 
503	7	4 
504	288	4 
505	230	4 
505	288	3 
505	308	4 
505	409	5 
505	465	4 
505	640	5 
505	641	4 
505	1398	5 
505	1442	5 
505	1580	4 
506	999	4 
507	0	5 
507	326	4 
507	430	5 
507	1473	5 
508	243	4 
510	392	5 
510	471	5 
510	614	5 
510	874	4 
511	169	2 
511	663	5 
512	119	4 
512	388	4 
512	472	5 
512	1093	4 
514	686	5 
514	720	4 
514	747	4 
515	290	5 
515	315	5 
515	389	5 
516	650	5 
516	1002	5 
519	103	4 
519	304	4 
519	515	4 
520	240	5 
521	796	5 
522	1360	4 
523	384	5 
523	719	4 
524	444	5 
524	636	4 
525	249	5 
525	689	5 
527	840	4 
528	185	5 
528	355	5 
528	439	5 
528	1010	5 
529	1060	5 
530	615	5 
530	1350	5 
531	511	5 
532	140	4 
532	387	5 
532	587	3 
532	839	5 
532	1523	5 
533	1501	4 
533	1589	5 
534	638	4 
535	1118	5 
536	858	4 
537	25	5 
537	508	5 
537	1074	5 
539	362	4 
540	147	5 
540	288	4 
540	833	5 
541	160	5 
541	420	5 
541	465	5 
542	202	3 
542	234	1 
542	297	5 
542	451	1 
543	786	4 
543	978	5 
543	1418	5 
543	1464	4 
544	189	5 
544	248	5 
544	944	5 
545	42	5 
545	445	5 
546	929	5 
548	35	5 
548	155	5 
548	1306	4 
552	86	4 
552	447	4 
552	493	5 
554	132	2 
554	189	4 
554	318	4 
554	1052	4 
555	147	3 
555	329	4 
555	870	4 
556	160	5 
556	262	3 
556	309	5 
558	698	5 
559	295	4 
559	587	5 
559	1119	5 
559	1146	4 
561	35	4 
561	231	4 
561	314	5 
562	160	5 
562	1457	3 
564	443	5 
564	638	5 
565	438	5 
566	223	5 
568	863	4 
569	363	5 
569	802	5 
570	738	5 
570	769	5 
571	639	4 
572	368	3 
572	529	3 
572	1149	5 
573	741	5 
574	402	3 
574	1029	5 
575	612	5 
576	43	5 
576	86	5 
576	189	5 
577	97	5 
578	836	5 
578	1221	5 
579	204	4 
580	107	4 
580	258	1 
580	884	5 
581	160	4 
581	684	5 
583	702	4 
583	1519	5 
584	70	5 
586	173	4 
586	396	3 
587	1228	5 
587	1238	5 
587	1388	5 
587	1527	5 
588	183	4 
588	302	5 
588	338	3 
588	554	5 
588	788	4 
590	254	5 
591	70	4 
591	172	1 
591	197	5 
591	334	5 
592	160	5 
593	307	3 
594	144	4 
594	186	4 
594	381	4 
594	541	4 
595	6	1 
595	40	3 
595	54	4 
595	256	2 
596	153	5 
596	561	2 
597	256	4 
597	346	4 
597	770	5 
598	19	5 
602	145	5 
602	361	3 
602	1258	5 
603	240	4 
605	30	3 
605	468	3 
607	55	4 
607	285	4 
607	355	5 
607	682	3 
608	82	4 
608	316	4 
608	551	5 
609	237	5 
609	300	3 
610	216	5 
610	245	2 
611	250	1 
611	257	5 
611	384	5 
614	83	3 
614	144	4 
614	328	4 
614	372	4 
614	610	4 
614	780	5 
614	917	4 
614	969	4 
614	1019	5 
614	1324	4 
616	373	5 
616	643	5 
616	751	5 
617	201	5 
617	245	5 
618	63	5 
618	248	4 
618	336	5 
618	874	5 
619	41	4 
619	316	5 
620	14	5 
620	475	3 
620	1067	4 
621	43	4 
621	73	2 
621	145	4 
621	249	4 
621	441	5 
621	747	4 
622	1	5 
622	272	5 
623	42	5 
623	318	5 
623	547	4 
623	586	5 
623	1128	5 
623	1406	5 
624	166	5 
624	497	5 
624	740	5 
625	239	5 
625	522	5 
625	681	5 
625	1149	5 
627	272	3 
627	320	4 
630	1591	5 
631	255	4 
633	104	4 
634	453	5 
635	105	4 
636	33	4 
636	57	5 
636	210	5 
638	274	5 
638	493	5 
638	698	5 
638	901	5 
639	144	4 
639	185	5 
639	338	3 
639	643	5 
640	1230	5 
641	305	5 
642	1133	5 
643	43	5 
643	56	5 
643	453	5 
643	1100	5 
645	17	4 
645	82	2 
645	272	3 
645	410	5 
645	689	1 
645	1583	5 
646	253	4 
646	1225	3 
647	11	4 
647	335	5 
647	614	5 
648	565	5 
648	901	4 
648	1162	3 
648	1329	5 
649	77	5 
649	155	4 
649	856	5 
649	932	3 
649	1085	4 
650	247	4 
650	1021	4 
651	245	5 
651	947	4 
652	452	3 
653	245	4 
654	130	4 
655	372	5 
657	255	5 
659	43	5 
660	104	5 
660	228	5 
660	597	5 
662	480	4 
662	877	2 
663	99	5 
663	124	5 
666	370	4 
666	884	4 
667	216	4 
667	232	3 
667	721	4 
667	961	5 
668	360	4 
668	511	5 
668	1403	5 
669	1355	4 
669	1556	5 
670	397	4 
670	451	4 
672	1319	4 
675	257	5 
675	509	5 
675	516	5 
675	836	5 
675	1306	5 
676	803	4 
676	1367	3 
677	109	4 
677	223	5 
677	397	4 
677	441	1 
677	1493	4 
678	297	4 
678	468	3 
678	485	4 
678	896	5 
678	1580	4 
679	1594	5 
680	405	5 
680	435	4 
680	904	5 
681	297	5 
682	401	2 
683	313	5 
684	288	3 
684	1138	2 
685	255	5 
685	1322	5 
685	1448	5 
685	1573	5 
687	897	2 
688	24	5 
688	31	5 
688	230	5 
688	267	4 
688	310	5 
688	974	5 
690	884	4 
691	121	4 
692	22	5 
693	428	5 
693	823	5 
695	1	5 
695	186	5 
695	1384	3 
696	227	3 
696	440	2 
696	681	5 
697	946	5 
698	16	4 
699	52	5 
699	616	5 
699	797	4 
700	172	5 
700	313	4 
700	354	5 
700	370	5 
700	433	4 
701	189	5 
701	821	4 
701	870	4 
701	1052	4 
702	127	3 
702	218	5 
702	1202	5 
704	30	2 
706	616	5 
707	159	4 
707	188	5 
707	418	4 
707	436	5 
707	497	5 
707	559	5 
709	145	5 
709	459	5 
709	464	1 
710	22	4 
710	218	3 
710	428	4 
711	191	4 
712	251	5 
712	287	4 
712	689	5 
713	1284	5 
714	1419	5 
718	286	5 
718	699	5 
719	972	5 
720	170	3 
721	152	4 
721	839	4 
721	1046	5 
721	1088	5 
721	1096	5 
722	198	5 
722	229	5 
722	548	5 
723	311	5 
725	211	4 
725	243	3 
729	242	4 
730	334	4 
730	694	4 
731	335	5 
731	439	5 
731	1149	5 
733	813	5 
734	418	4 
735	322	5 
735	731	5 
735	1346	4 
736	32	4 
736	132	4 
736	280	3 
736	615	4 
736	721	4 
737	267	5 
738	127	3 
739	192	5 
739	896	5 
740	284	4 
741	105	4 
741	280	4 
741	484	5 
741	615	5 
741	617	4 
742	441	5 
743	388	5 
744	155	5 
744	659	4 
746	43	4 
746	559	4 
746	638	3 
747	41	4 
747	73	4 
747	132	4 
747	681	4 
748	22	4 
748	1341	4 
749	43	5 
749	95	5 
749	326	4 
749	355	5 
750	930	3 
752	247	4 
752	397	5 
752	671	2 
754	353	5 
754	698	5 
755	405	5 
755	479	5 
757	75	5 
757	710	5 
758	1383	5 
759	1509	5 
760	103	5 
760	1280	4 
761	202	2 
761	830	4 
761	1293	4 
761	1447	5 
762	30	4 
762	94	4 
762	195	3 
762	218	3 
764	3	2 
765	659	5 
766	62	5 
766	337	5 
766	1124	5 
766	1480	5 
767	560	5 
768	216	5 
768	646	3 
768	1337	4 
770	428	5 
772	971	4 
772	1088	5 
773	968	4 
774	735	5 
775	2	4 
775	805	4 
775	823	4 
776	527	5 
777	42	4 
777	57	4 
777	216	4 
777	736	4 
777	994	3 
777	1085	4 
778	53	3 
778	124	5 
778	144	5 
778	487	5 
778	677	5 
779	191	5 
779	195	5 
781	671	5 
782	368	5 
782	526	5 
783	261	5 
783	751	4 
784	127	5 
784	186	4 
785	776	5 
785	886	4 
786	126	5 
786	361	3 
786	517	4 
787	56	3 
787	397	3 
787	622	4 
789	1057	5 
789	1176	3 
790	387	1 
793	11	4 
794	349	5 
794	1334	5 
796	40	4 
796	271	5 
796	476	4 
796	580	5 
796	915	5 
796	1507	5 
797	1075	5 
797	1181	5 
799	884	5 
799	1082	5 
799	1089	5 
800	679	4 
800	895	5 
800	1131	5 
801	1004	5 
801	1352	3 
803	135	1 
803	257	5 
803	260	4 
803	401	5 
803	435	5 
803	623	5 
803	681	4 
803	715	5 
803	735	5 
804	258	2 
805	222	4 
805	598	5 
806	179	4 
806	482	4 
806	981	5 
806	1437	4 
807	256	4 
808	364	5 
808	702	5 
809	226	5 
809	698	5 
809	936	5 
810	139	4 
810	333	4 
811	86	5 
811	671	5 
812	49	5 
812	313	4 
812	563	4 
812	697	4 
812	978	5 
812	1546	5 
814	86	3 
814	96	4 
814	193	2 
814	206	5 
814	750	4 
815	123	5 
816	1309	4 
817	441	5 
817	1583	5 
818	244	5 
818	249	5 
818	399	3 
819	103	5 
819	153	5 
819	582	4 
820	216	4 
821	38	4 
821	160	5 
821	1194	4 
822	161	5 
822	661	5 
824	191	4 
824	475	3 
824	1037	5 
827	486	5 
829	50	4 
829	188	5 
829	216	5 
829	249	2 
831	180	4 
832	1067	5 
833	219	3 
833	603	5 
833	616	4 
834	145	4 
834	243	4 
835	24	5 
835	279	4 
835	688	4 
838	13	5 
838	80	3 
838	437	5 
839	262	5 
840	680	5 
841	785	5 
842	173	5 
843	1057	5 
845	18	1 
846	49	4 
846	150	4 
846	404	3 
846	681	4 
846	708	4 
847	404	4 
847	809	1 
847	830	4 
847	976	4 
848	428	5 
852	395	4 
852	1376	5 
852	1492	4 
854	609	2 
855	276	5 
855	453	5 
856	471	4 
858	93	2 
858	1067	5 
859	3	4 
859	43	5 
859	167	4 
860	57	5 
860	206	5 
860	312	5 
860	587	4 
861	24	5 
861	173	4 
861	244	4 
861	376	4 
861	758	4 
862	992	5 
863	178	3 
864	249	5 
865	873	5 
866	17	5 
866	761	5 
868	169	4 
868	445	5 
868	703	5 
868	1575	5 
869	54	4 
869	623	5 
870	554	4 
872	395	5 
873	772	5 
876	214	4 
876	889	3 
878	402	4 
878	408	5 
878	1302	5 
879	317	4 
879	386	4 
880	462	4 
881	80	3 
881	130	5 
881	262	5 
881	870	4 
882	140	4 
882	1084	5 
884	228	5 
884	386	3 
885	153	5 
886	296	5 
887	219	3 
887	404	5 
888	18	4 
888	127	4 
889	776	2 
890	713	4 
892	204	5 
892	551	5 
892	614	3 
892	886	5 
893	249	5 
893	1105	4 
894	189	5 
895	38	5 
895	362	5 
895	534	4 
895	578	5 
896	103	4 
896	308	4 
896	551	5 
897	210	3 
897	549	5 
897	1274	4 
898	382	4 
899	262	5 
899	872	5 
900	602	5 
900	1252	5 
901	1472	5 
902	218	5 
904	1080	4 
907	377	5 
908	437	5 
908	1593	4 
909	715	5 
910	416	5 
911	267	5 
911	404	3 
911	603	5 
911	1473	4 
912	49	4 
912	314	5 
912	525	4 
912	1301	4 
913	186	5 
914	38	3 
914	440	1 
914	887	5 
914	1302	4 
915	1159	5 
918	63	5 
918	385	5 
918	581	5 
919	120	5 
919	243	5 
919	267	5 
919	404	5 
920	285	5 
922	179	4 
922	1046	5 
923	218	5 
923	236	5 
923	588	5 
923	615	5 
924	313	5 
924	361	4 
924	617	5 
924	941	5 
925	145	5 
925	475	4 
925	495	4 
926	75	4 
926	107	5 
926	1115	5 
928	69	4 
929	60	5 
929	241	3 
929	397	5 
929	630	4 
930	1237	5 
931	1059	4 
932	18	4 
932	1137	5 
932	1190	4 
932	1578	3 
934	284	5 
934	302	5 
934	1502	5 
937	239	5 
938	90	3 
939	120	5 
939	155	5 
939	473	4 
940	198	4 
940	528	4 
940	1274	5 
941	50	4 
941	526	4 
942	398	4 
942	473	5 
942	706	4 
944	179	5 
944	900	5 
945	354	4 
945	443	5 
945	706	4 
945	1131	5 
947	78	5 
948	185	5 
949	362	5 
949	1148	5 
950	165	3 
950	808	5 
950	1010	5 
951	20	5 
951	368	2 
952	239	4 
952	976	4 
953	173	5 
953	180	5 
954	1081	5 
954	1089	5 
955	480	4 
955	867	4 
955	955	5 
956	95	4 
956	430	5 
956	454	5 
957	48	1 
957	84	4 
957	421	5 
957	473	5 
958	1325	5 
959	731	5 
959	771	5 
960	520	5 
960	689	3 
961	973	5 
963	0	5 
963	160	5 
963	239	5 
964	76	4 
964	223	5 
964	319	5 
965	471	4 
965	666	2 
965	682	1 
965	1010	4 
967	160	5 
967	715	5 
969	95	4 
971	89	3 
972	1	5 
972	492	5 
973	127	4 
975	17	5 
975	153	5 
975	389	5 
975	1383	5 
977	107	3 
977	780	5 
977	1004	4 
978	189	4 
979	348	5 
980	202	2 
981	49	5 
982	86	5 
982	1052	5 
983	219	5 
983	397	5 
985	189	4 
985	280	3 
985	355	4 
985	901	5 
985	931	4 
985	1024	4 
985	1446	3 
987	547	3 
988	922	1 
989	770	5 
990	1193	1 
991	278	4 
991	600	5 
991	1091	3 
992	328	5 
994	594	4 
994	845	4 
994	1176	4 
995	78	4 
995	183	3 
995	297	3 
995	614	4 
996	33	5 
996	51	5 
996	1052	5 
997	346	4 
997	898	4 
998	189	5 
998	658	4 
998	665	5 
998	750	5 
998	996	5 
999	236	3 
999	326	4 
999	471	4 
999	519	4 
1000	198	5 
1000	307	5 
1001	254	5 
1001	989	5 
1004	218	5 
1005	202	4 
1007	295	5 
1007	554	5 
1009	61	4 
1009	644	4 
1011	346	3 
1012	735	4 
1013	18	4 
1014	1548	5 
1015	889	4 
1016	43	5 
1016	474	1 
1016	640	5 
1017	195	5 
1017	262	5 
1017	326	2 
1018	380	4 
1018	398	5 
1019	357	3 
1019	412	5 
1019	467	4 
1019	1443	1 
1021	195	5 
1022	86	2 
1022	230	4 
1022	271	5 
1022	681	4 
1023	287	5 
1023	315	5 
1023	421	4 
1024	78	5 
1025	263	3 
1027	18	4 
1027	185	5 
1027	191	3 
1027	420	5 
1028	43	5 
1028	59	5 
1029	155	5 
1029	418	4 
1030	108	5 
1030	180	4 
1030	317	5 
1030	536	5 
1030	560	4 
1031	2	5 
1031	497	5 
1031	671	5 
1031	690	3 
1032	249	5 
1033	82	5 
1033	102	3 
1033	473	4 
1033	1015	4 
1034	40	4 
1034	68	4 
1034	145	5 
1035	1343	5 
1036	578	4 
1036	940	5 
1036	984	4 
1037	186	5 
1037	385	5 
1037	392	5 
1037	991	5 
1038	732	5 
1038	1197	5 
1038	1231	4 
1039	1267	4 
1039	1578	5 
1040	430	5 
1041	90	5 
1042	1364	3 
1045	756	1 
1045	1070	5 
1047	548	5 
1052	312	4 
1052	441	4 
1052	613	5 
1053	1490	5 
1054	43	5 
1055	57	4 
1057	836	5 
1057	1475	5 
1058	73	5 
1058	616	5 
1059	94	5 
1059	484	4 
1061	312	5 
1063	972	4 
1066	873	4 
1068	1061	5 
1069	109	5 
1070	446	5 
1071	139	5 
1071	316	5 
1071	418	3 
1071	757	3 
1071	1199	3 
1072	800	5 
1074	31	4 
1074	1339	3 
1075	147	4 
1076	923	4 
1076	1558	4 
1077	522	4 
1077	566	3 
1078	1370	4 
1080	26	5 
1080	33	4 
1081	50	5 
1081	245	3 
1081	566	4 
1081	639	2 
1081	1024	2 
1082	435	5 
1082	805	5 
1083	12	5 
1083	160	5 
1083	370	5 
1083	395	5 
1083	996	5 
1084	1547	4 
1085	90	4 
1085	106	4 
1087	239	4 
1087	296	1 
1087	373	5 
1087	726	3 
1087	819	1 
1089	31	4 
1089	368	2 
1089	996	2 
1090	130	4 
1090	139	4 
1090	1367	2 
1091	1045	5 
1091	1590	5 
1093	24	4 
1095	528	5 
1095	739	5 
1095	940	5 
1096	7	4 
1096	64	3 
1097	30	5 
1097	160	5 
1098	30	4 
1098	85	5 
1098	353	4 
1098	452	4 
1098	715	5 
1098	901	4 
1100	1515	5 
1101	1560	5 
1102	716	5 
1103	716	5 
1104	490	5 
1104	1000	5 
1105	16	5 
1106	355	4 
1107	512	5 
1107	628	5 
1109	884	4 
1110	1415	5 
1111	28	4 
1111	57	5 
1112	498	5 
1112	590	5 
1112	612	4 
1112	1293	5 
1113	128	3 
1114	149	4 
1115	301	4 
1115	312	5 
1116	166	4 
1118	212	5 
1118	480	5 
1118	587	5 
1119	191	4 
1119	275	5 
1123	1313	3 
1124	1233	3 
1126	178	5 
1126	495	5 
1126	639	4 
1126	698	5 
1127	858	5 
1128	27	5 
1128	50	5 
1128	355	5 
1128	561	4 
1129	638	3 
1129	871	4 
1131	88	5 
1131	172	5 
1131	187	5 
1132	1044	5 
1133	1032	5 
1134	827	4 
1138	826	4 
1139	40	4 
1139	226	4 
1139	227	5 
1139	516	4 
1139	520	5 
1144	397	5 
1144	614	5 
1145	169	4 
1146	242	1 
1148	1357	5 
1148	1362	5 
1149	672	5 
1151	18	4 
1152	550	5 
1152	679	5 
1153	243	5 
1153	347	5 
1156	638	4 
1158	326	4 
1158	1086	4 
1160	197	5 
1160	433	4 
1160	915	5 
1161	582	4 
1162	250	3 
1162	446	4 
1162	515	3 
1163	260	2 
1164	862	5 
1164	919	4 
1165	181	5 
1165	260	3 
1165	550	4 
1166	848	5 
1167	276	4 
1168	337	5 
1168	1117	2 
1169	35	5 
1169	57	5 
1169	566	3 
1169	681	4 
1169	814	4 
1170	312	4 
1171	511	5 
1171	808	5 
1172	172	5 
1172	346	5 
1172	1180	5 
1174	120	5 
1175	346	5 
1175	408	5 
1175	951	5 
1175	1015	4 
1176	914	5 
1177	929	5 
1179	553	5 
1179	684	4 
1180	109	5 
1180	160	5 
1180	296	5 
1180	360	4 
1180	473	5 
1182	435	5 
1182	459	5 
1182	535	5 
1182	864	5 
1183	691	5 
1183	816	4 
1184	300	5 
1185	229	5 
1186	453	5 
1186	1108	5 
1188	767	3 
1188	1317	2 
1189	285	5 
1189	1074	5 
1190	324	5 
1190	696	5 
1191	160	3 
1192	220	5 
1193	77	5 
1193	526	5 
1194	850	3 
1195	11	5 
1196	597	5 
1196	803	5 
1196	810	5 
1196	1074	3 
1197	638	5 
1198	30	3 
1201	59	4 
1201	336	5 
1201	531	5 
1201	702	5 
1201	1051	5 
1203	1416	4 
1206	808	5 
1207	271	5 
1207	884	5 
1209	236	4 
1209	364	5 
1209	758	3 
1214	401	5 
1215	297	4 
1215	696	4 
1216	32	5 
1217	156	4 
1217	186	5 
1217	1580	5 
1218	436	4 
1218	472	5 
1218	871	5 
1218	874	5 
1218	1549	5 
1219	429	5 
1220	240	5 
1221	90	5 
1222	57	5 
1222	82	5 
1222	123	5 
1222	145	3 
1222	328	5 
1222	554	3 
1223	936	5 
1224	379	4 
1225	3	3 
1225	160	5 
1225	249	3 
1226	221	3 
1226	665	4 
1229	9	5 
1229	258	3 
1229	447	5 
1230	145	5 
1230	161	5 
1230	428	5 
1231	22	3 
1231	823	5 
1233	153	5 
1233	649	5 
1234	267	4 
1234	684	5 
1235	24	4 
1235	735	5 
1236	90	4 
1237	21	5 
1237	497	5 
1237	615	5 
1239	1095	5 
1240	181	4 
1240	516	5 
1240	584	5 
1241	20	5 
1242	161	4 
1242	465	4 
1243	1078	5 
1244	43	5 
1244	373	5 
1244	808	5 
1244	1146	5 
1245	418	4 
1245	978	5 
1246	105	5 
1246	293	5 
1246	465	5 
1250	853	5 
1251	90	3 
1251	241	4 
1251	617	3 
1251	636	5 
1251	853	4 
1252	1101	5 
1253	42	5 
1253	50	5 
1253	125	5 
1253	236	5 
1253	284	5 
1256	292	5 
1256	307	5 
1256	615	4 
1256	1373	5 
1258	583	5 
1259	2	5 
1260	828	5 
1260	839	5 
1260	878	4 
1260	992	5 
1261	74	3 
1261	409	5 
1262	245	4 
1263	521	4 
1263	1116	5 
1263	1557	5 
1264	713	5 
1266	27	5 
1266	240	5 
1267	106	5 
1267	1280	4 
1269	13	4 
1269	418	4 
1269	435	5 
1270	451	4 
1272	275	5 
1272	1540	5 
1273	120	4 
1273	441	5 
1273	1140	4 
1275	80	5 
1275	779	4 
1276	941	4 
1276	972	4 
1277	1206	5 
1277	1310	4 
1281	420	5 
1281	593	4 
1281	719	5 
1282	884	2 
1283	245	5 
1283	454	5 
1285	114	4 
1286	94	5 
1288	32	4 
1288	351	5 
1289	124	4 
1289	225	4 
1289	236	5 
1290	88	5 
1290	212	5 
1290	380	4 
1290	630	4 
1290	706	4 
1290	929	4 
1290	936	5 
1290	1046	5 
1291	294	5 
1291	543	4 
1291	874	5 
1291	1491	5 
1293	831	5 
1295	355	5 
1295	401	5 
1296	268	5 
1297	1429	5 
1298	867	5 
1299	828	3 
1300	421	4 
1301	397	5 
1303	52	4 
1303	90	5 
1306	548	5 
1308	406	4 
1309	525	5 
1310	308	3 
1311	801	4 
1312	189	4 
1312	247	5 
1312	1010	4 
1314	1532	4 
1315	204	5 
1316	848	4 
1317	784	5 
1318	513	2 
1320	719	5 
1321	476	4 
1322	242	5 
1322	394	4 
1323	1285	5 
1324	17	5 
1324	30	5 
1324	297	5 
1324	735	5 
1324	992	5 
1324	1037	5 
1325	195	4 
1328	267	5 
1329	534	4 
1329	1058	5 
1330	850	3 
1330	940	5 
1330	1316	5 
1333	145	5 
1334	219	3 
1334	300	5 
1334	850	4 
1335	1239	5 
1339	181	1 
1339	257	4 
1339	813	4 
1341	255	4 
1342	192	4 
1342	731	5 
1342	953	5 
1342	1389	5 
1344	17	5 
1344	654	5 
1345	42	4 
1345	59	4 
1347	137	4 
1347	638	5 
1347	1015	3 
1348	233	5 
1349	439	5 
1351	517	5 
1351	716	4 
1352	724	4 
1354	1221	5 
1355	307	5 
1355	630	5 
1361	47	5 
1361	323	4 
1361	878	2 
1362	523	4 
1362	572	4 
1363	37	5 
1363	1252	5 
1364	185	5 
1364	389	5 
1364	821	5 
1365	162	4 
1365	284	3 
1365	425	5 
1365	435	4 
1365	452	5 
1365	792	4 
1367	761	5 
1368	521	5 
1369	625	5 
1370	1052	4 
1372	700	3 
1373	615	5 
1376	332	4 
1378	3	3 
1378	229	5 
1379	396	3 
1379	401	4 
1379	447	4 
1380	960	5 
1381	189	5 
1381	236	5 
1381	249	5 
1381	397	4 
1382	0	5 
1382	186	5 
1384	779	3 
1384	1577	5 
1385	1417	5 
1387	615	4 
1388	50	3 
1390	197	5 
1390	416	4 
1391	192	5 
1391	600	5 
1392	40	3 
1392	161	5 
1392	220	4 
1392	595	3 
1392	900	4 
1393	279	5 
1393	471	4 
1393	666	4 
1394	68	3 
1395	584	4 
1396	550	3 
1397	144	5 
1397	588	5 
1398	37	4 
1400	1466	5 
1401	37	4 
1402	13	5 
1402	691	3 
1405	572	5 
1407	227	3 
1407	969	3 
1408	326	5 
1409	354	5 
1410	765	5 
1410	1542	5 
1412	667	3 
1412	963	5 
1413	18	5 
1413	214	3 
1415	1556	5 
1416	172	5 
1417	27	4 
1417	95	3 
1418	89	3 
1419	230	4 
1420	620	4 
1422	267	5 
1423	328	4 
1423	1254	2 
1424	42	5 
1424	160	5 
1425	318	5 
1426	280	5 
1426	290	2 
1426	852	4 
1427	1044	5 
1427	1274	5 
1428	441	5 
1429	486	5 
1430	161	4 
1430	1585	5 
1432	42	4 
1433	257	4 
1433	854	5 
1433	951	3 
1434	58	5 
1434	557	5 
1435	233	5 
1436	9	5 
1436	689	5 
1436	1332	4 
1439	197	5 
1439	244	4 
1440	75	4 
1440	316	5 
1441	1522	5 
1443	92	5 
1443	809	4 
1444	179	4 
1444	1068	3 
1445	1163	5 
1446	139	4 
1446	474	2 
1446	544	4 
1447	229	5 
1447	885	4 
1449	554	4 
1449	668	4 
1450	210	5 
1450	409	5 
1451	24	3 
1452	695	5 
1452	925	5 
1452	1149	5 
1453	307	5 
1454	63	5 
1454	471	5 
1455	42	5 
1455	54	4 
1455	97	5 
1455	1210	5 
1456	566	4 
1459	147	4 
1459	1058	4 
1460	55	5 
1461	17	5 
1461	441	5 
1466	403	5 
1466	1048	5 
1467	1592	4 
1468	776	3 
1468	870	3 
1468	873	4 
1473	777	5 
1474	40	3 
1474	160	5 
1474	298	5 
1474	439	5 
1474	718	3 
1474	1197	5 
1475	667	4 
1476	815	5 
1477	975	5 
1478	76	3 
1478	186	4 
1478	698	5 
1478	1266	5 
1479	307	5 
1479	465	3 
1480	661	4 
1481	368	2 
1481	688	3 
1482	1182	5 
1482	1520	5 
1483	653	5 
1485	304	4 
1485	749	5 
1487	17	5 
1487	50	4 
1487	204	4 
1487	236	3 
1487	636	4 
1488	374	4 
1488	534	5 
1490	40	4 
1490	49	5 
1490	114	5 
1490	966	5 
1491	1486	5 
1492	459	5 
1494	346	5 
1494	366	4 
1494	885	5 
1495	548	2 
1496	866	5 
1498	95	3 
1498	435	5 
1500	401	4 
1500	1482	4 
1502	246	5 
1503	39	4 
1503	58	5 
1503	141	5 
1503	218	5 
1503	1447	4 
1504	272	2 
1505	339	5 
1507	1065	5 
1508	172	4 
1508	295	5 
1508	1463	4 
1509	52	5 
1509	297	5 
1509	361	4 
1513	1074	5 
1514	195	5 
1514	428	5 
1514	1082	5 
1514	1548	5 
1515	30	5 
1515	166	4 
1515	445	5 
1515	1212	5 
1516	266	5 
1516	320	5 
1516	391	3 
1516	428	5 
1516	732	5 
1517	174	5 
1517	220	4 
1517	933	5 
1518	76	4 
1520	326	4 
1521	5	5 
1521	1232	5 
1523	1334	5 
1524	42	5 
1524	388	5 
1524	933	5 
1526	18	5 
1526	172	4 
1526	236	3 
1526	1308	1 
1527	870	4 
1527	1482	5 
1529	394	5 
1529	1100	4 
1530	174	5 
1530	430	5 
1531	280	4 
1531	557	4 
1533	169	4 
1536	130	5 
1537	810	4 
1538	976	5 
1540	679	5 
1541	536	4 
1541	556	5 
1541	814	5 
1542	524	4 
1545	337	4 
1545	415	4 
1545	1400	5 
1546	928	5 
1548	570	5 
1550	95	4 
1550	651	4 
1551	86	4 
1551	286	5 
1551	300	5 
1551	319	4 
1551	384	4 
1554	37	5 
1554	640	4 
1555	1457	3 
1557	42	5 
1557	43	4 
1557	52	4 
1557	59	5 
1557	824	5 
1559	212	4 
1560	127	4 
1562	56	5 
1563	179	5 
1563	374	3 
1563	799	1 
1564	1067	4 
1565	318	5 
1565	448	5 
1565	672	3 
1565	1413	1 
1566	623	5 
1567	714	3 
1568	777	2 
1569	421	5 
1569	598	5 
1569	1357	5 
1571	338	4 
1571	442	4 
1572	24	5 
1574	101	4 
1577	61	4 
1577	269	3 
1577	546	4 
1577	832	4 
1580	43	5 
1580	326	5 
1580	681	4 
1580	799	5 
1580	806	4 
1580	1024	5 
1583	996	4 
1584	782	4 
1585	1337	2 
1586	118	4 
1587	271	5 
1588	31	4 
1590	480	4 
1592	320	4 
1593	433	5 
1594	139	5 
1594	398	4 
1594	974	5 
1596	2	4 
1596	248	5 
1596	353	5 
1596	1445	4 
1597	317	5 
1597	1417	5 
1599	1	5 
1599	76	5 
1599	333	5 
1600	632	5 
1601	18	5 
1601	666	5 
1602	418	3 
1603	562	5 
1604	108	4 
1604	121	4 
1605	282	4 
1606	236	5 
1606	578	5 
1609	243	4 
1609	468	5 
1610	630	5 
1610	706	5 
1612	148	4 
1613	1458	5 
1616	127	5 
1616	159	5 
1616	397	5 
1619	174	5 
1619	275	5 
1621	236	5 
1621	404	5 
1621	563	5 
1623	178	5 
1623	438	4 
1624	218	1 
1624	526	3 
1625	401	5 
1625	837	5 
1625	971	5 
1626	20	5 
1626	145	4 
1626	225	5 
1626	451	3 
1628	797	3 
1629	71	5 
1629	78	5 
1629	1149	5 
1630	6	4 
1631	103	5 
1635	413	5 
1637	497	4 
1637	548	4 
1637	686	3 
1638	436	4 
1638	1192	4 
1639	879	3 
1640	102	3 
1640	126	4 
1640	262	4 
1640	320	4 
1641	777	5 
1642	63	5 
1642	343	5 
1642	1123	4 
1643	661	5 
1643	1204	4 
1645	718	5 
1645	807	5 
1645	1584	5 
1646	377	4 
1646	736	5 
1647	1220	4 
1648	216	5 
1648	556	4 
1648	1151	5 
1652	13	5 
1652	713	5 
1653	144	5 
1653	1280	4 
1655	1139	5 
1656	145	3 
1656	399	3 
1657	760	4 
1659	489	5 
1660	425	5 
1662	706	4 
1664	460	5 
1665	401	5 
1665	484	5 
1667	375	5 
1668	1420	4 
1669	1082	5 
1671	346	5 
1672	224	5 
1672	240	5 
1672	1206	5 
1672	1450	5 
1674	615	5 
1675	109	5 
1676	358	4 
1677	752	5 
1678	5	5 
1681	938	5 
1682	200	5 
1683	98	5 
1684	721	3 
1684	728	4 
1685	227	4 
1686	220	4 
1686	511	4 
1687	1167	3 
1689	102	4 
1689	398	4 
1689	721	4 
1689	910	3 
1690	109	5 
1690	367	5 
1692	18	4 
1692	682	4 
1693	948	4 
1693	1408	4 
1694	65	1 
1694	154	4 
1694	278	4 
1694	719	5 
1694	966	5 
1696	623	5 
1697	139	5 
1697	162	5 
1697	578	5 
1698	636	3 
1699	384	5 
1702	170	4 
1702	177	4 
1702	204	4 
1703	817	5 
1704	68	5 
1704	83	5 
1704	139	5 
1704	236	4 
1704	896	5 
1705	276	4 
1705	361	4 
1705	1015	4 
1706	30	5 
1706	307	4 
1706	1417	4 
1707	844	5 
1708	859	5 
1710	690	4 
1710	1100	3 
1711	474	1 
1711	587	4 
1712	58	5 
1712	373	5 
1713	161	5 
1714	58	5 
1714	119	3 
1714	130	4 
1715	27	5 
1715	99	4 
1715	564	5 
1715	610	5 
1715	618	5 
1715	769	5 
1716	488	4 
1717	883	5 
1718	460	2 
1719	451	5 
1720	772	5 
1721	267	5 
1721	424	3 
1721	584	3 
1722	641	5 
1724	611	3 
1727	744	3 
1728	42	5 
1728	97	5 
1728	342	5 
1730	1296	4 
1731	27	5 
1731	38	5 
1731	57	5 
1731	250	5 
1732	43	3 
1733	1574	5 
1734	162	4 
1736	912	5 
1736	1028	5 
1737	827	5 
1739	14	5 
1739	125	5 
1739	671	5 
1740	888	2 
1741	1213	5 
1742	96	5 
1742	386	4 
1744	153	4 
1744	313	5 
1744	1062	5 
1746	9	5 
1746	396	4 
1747	837	4 
1749	107	5 
1749	1322	4 
1750	867	2 
1751	47	4 
1751	173	4 
1751	1437	3 
1752	203	5 
1753	777	5 
1754	1057	3 
1755	912	4 
1759	15	5 
1759	322	5 
1760	206	3 
1760	225	5 
1760	239	4 
1760	628	5 
1762	1015	4 
1763	797	3 
1764	42	5 
1764	439	5 
1766	551	5 
1767	27	5 
1768	497	5 
1768	843	5 
1770	58	4 
1770	431	3 
1771	232	1 
1772	309	5 
1772	573	5 
1772	1380	5 
1776	70	5 
1776	652	5 
1779	238	5 
1779	285	4 
1779	421	5 
1779	899	5 
1781	312	5 
1782	251	5 
1783	1372	5 
1785	315	4 
1785	616	4 
1785	620	5 
1787	37	5 
1788	389	3 
1788	497	5 
1788	597	3 
1788	1231	5 
1791	563	5 
1793	163	4 
1793	230	3 
1793	297	5 
1793	772	5 
1793	827	5 
1795	374	4 
1796	24	5 
1796	234	1 
1796	721	5 
1797	1102	5 
1798	362	5 
1798	508	5 
1798	795	5 
1799	118	5 
1802	856	5 
1803	216	4 
1804	7	4 
1804	615	4 
1805	455	5 
1807	1056	4 
1808	183	4 
1808	1046	4 
1809	91	4 
1810	882	3 
1810	1406	4 
1813	224	4 
1814	49	5 
1814	1339	3 
1817	278	5 
1819	303	5 
1819	719	5 
1820	534	5 
1821	528	4 
1821	612	4 
1822	31	5 
1822	124	5 
1826	27	5 
1826	57	3 
1826	75	4 
1826	258	2 
1826	289	5 
1828	279	4 
1828	285	4 
1828	519	4 
1828	1280	2 
1829	417	1 
1830	297	4 
1830	367	3 
1830	1061	5 
1830	1291	4 
1831	247	5 
1831	343	5 
1834	839	5 
1834	858	5 
1835	60	5 
1835	630	5 
1836	30	4 
1836	44	5 
1836	63	5 
1836	316	5 
1836	352	4 
1837	30	1 
1839	1519	4 
1840	507	5 
1840	1011	4 
1840	1265	5 
1841	18	4 
1841	548	4 
1841	1149	4 
1842	293	4 
1842	1185	4 
1843	20	5 
1844	1057	4 
1848	219	3 
1849	32	4 
1850	1184	1 
1850	1396	5 
1851	1004	4 
1852	299	5 
1852	319	4 
1852	398	4 
1852	687	4 
1852	854	5 
1852	1434	4 
1853	861	4 
1855	392	5 
1856	32	3 
1856	75	4 
1859	145	4 
1860	326	3 
1860	1132	2 
1862	13	5 
1862	30	3 
1862	123	5 
1862	278	5 
1862	563	5 
1863	301	5 
1864	31	4 
1865	793	5 
1865	1579	5 
1866	200	1 
1867	190	5 
1867	1456	4 
1868	54	5 
1868	952	5 
1869	109	5 
1869	943	5 
1870	7	5 
1870	77	4 
1870	887	5 
1872	508	5 
1872	534	5 
1872	861	4 
1873	103	4 
1874	1286	4 
1876	489	4 
1876	1057	5 
1879	445	5 
1880	353	3 
1881	189	5 
1881	249	5 
1884	109	5 
1885	92	5 
1885	304	5 
1886	18	3 
1886	618	3 
1886	808	4 
1887	246	4 
1888	68	5 
1888	401	4 
1888	813	5 
1889	462	3 
1890	295	4 
1893	145	5 
1893	941	3 
1894	259	4 
1897	1492	4 
1899	277	4 
1900	120	5 
1900	297	4 
1900	387	5 
1900	584	5 
1901	910	5 
1903	97	5 
1903	243	2 
1903	710	5 
1904	362	1 
1904	683	5 
1904	858	5 
1905	445	3 
1908	799	5 
1908	838	5 
1909	11	5 
1909	162	5 
1909	261	4 
1910	491	5 
1911	489	3 
1912	751	5 
1913	796	5 
1914	387	4 
1914	695	5 
1915	1296	5 
1918	57	3 
1919	977	4 
1921	286	1 
1921	378	3 
1922	604	5 
1923	511	4 
1924	50	5 
1925	281	5 
1926	858	4 
1927	1504	2 
1928	30	5 
1928	243	4 
1928	736	4 
1932	433	3 
1933	814	5 
1934	1273	5 
1935	197	5 
1935	548	5 
1935	1169	5 
1936	1326	4 
1937	137	4 
1937	386	5 
1939	847	5 
1940	468	5 
1940	1569	4 
1941	136	4 
1941	691	4 
1942	151	4 
1942	284	5 
1944	31	5 
1944	536	5 
1945	139	5 
1945	163	5 
1945	346	4 
1945	671	4 
1945	681	4 
1946	793	5 
1951	418	5 
1952	488	4 
1953	747	3 
1955	940	5 
1956	285	5 
1957	144	4 
1959	947	2 
1960	1465	5 
1962	601	3 
1962	1373	4 
1963	115	5 
1964	24	5 
1964	458	3 
1968	1390	5 
1969	917	5 
1971	14	5 
1971	74	4 
1971	1134	5 
1971	1586	5 
1974	135	2 
1974	1372	4 
1975	80	5 
1975	107	4 
1975	913	5 
1976	94	5 
1977	25	5 
1977	878	5 
1978	1233	4 
1978	1271	5 
1980	691	4 
1980	1271	5 
1981	1006	1 
1982	1564	4 
1983	439	5 
1984	317	4 
1985	35	5 
1985	405	5 
1985	424	5 
1986	901	4 
1986	917	4 
1989	102	4 
1989	471	5 
1989	852	4 
1993	536	5 
1993	560	5 
1995	1487	5 
1999	732	5 
1999	1131	2 
2000	1127	5 
2000	1371	4 
2001	681	5 
2003	1244	5 
2003	1434	4 
2004	466	2 
2004	1043	2 
2005	1118	5 
2005	1126	5 
2006	237	5 
2006	1384	4 
2006	1541	5 
2009	719	5 
2010	243	5 
2011	1123	3 
2012	355	5 
2013	103	4 
2013	249	5 
2013	709	3 
2014	288	4 
2014	779	5 
2014	874	5 
2016	397	4 
2018	431	2 
2018	736	5 
2019	204	5 
2021	109	4 
2022	354	5 
2022	1295	4 
2023	408	5 
2023	684	5 
2025	189	5 
2025	484	5 
2025	497	5 
2025	1177	5 
2025	1522	5 
2026	433	3 
2026	899	5 
2027	52	5 
2027	160	3 
2027	665	4 
2028	398	5 
2028	406	5 
2029	527	5 
2030	307	5 
2030	406	5 
2030	448	5 
2030	719	5 
2033	75	5 
2033	1058	5 
2034	57	4 
2034	218	2 
2034	729	5 
2035	664	5 
2036	395	4 
2038	53	5 
2040	296	3 
2040	1163	5 
2041	740	1 
2042	204	5 
2043	1060	5 
2044	178	4 
2045	929	3 
2046	204	5 
2046	326	5 
2048	103	4 
2048	557	4 
2048	848	2 
2049	430	5 
2050	1320	5 
2050	1561	4 
2051	218	3 
2052	163	5 
2054	186	5 
2054	1325	5 
2054	1435	3 
2056	383	5 
2056	706	5 
2059	613	5 
2060	333	4 
2060	409	5 
2060	501	5 
2061	1530	3 
2062	1562	5 
2063	499	3 
2064	671	3 
2065	440	2 
2065	473	5 
2065	588	5 
2065	683	5 
2066	355	3 
2066	595	2 
2067	213	5 
2071	754	5 
2071	988	5 
2071	1575	5 
2072	598	4 
2073	127	5 
2074	16	3 
2074	374	4 
2074	578	5 
2075	267	5 
2075	465	4 
2077	1483	5 
2078	326	5 
2079	676	4 
2079	1458	4 
2081	1349	5 
2083	15	1 
2083	135	1 
2083	353	3 
2083	912	5 
2084	1016	5 
2085	199	5 
2085	1323	5 
2086	140	5 
2087	104	3 
2088	167	4 
2088	408	5 
2088	458	4 
2088	976	5 
2089	204	5 
2089	299	5 
2089	616	5 
2092	140	4 
2092	179	5 
2092	615	5 
2092	1074	5 
2093	42	5 
2094	245	2 
2099	31	4 
2099	497	5 
2100	57	4 
2100	95	4 
2103	1030	3 
2104	177	5 
2104	696	5 
2105	121	4 
2107	222	1 
2108	1466	5 
2109	582	5 
2111	292	5 
2113	1334	5 
2113	1362	5 
2115	1544	5 
2116	517	4 
2116	992	5 
2117	600	5 
2120	65	5 
2120	145	5 
2121	793	4 
2121	1196	5 
2123	198	5 
2124	370	5 
2124	1142	5 
2125	353	4 
2127	82	5 
2127	236	2 
2128	42	4 
2128	1305	3 
2129	647	4 
2130	145	3 
2130	188	4 
2131	145	5 
2132	379	5 
2133	688	5 
2134	24	5 
2134	307	5 
2135	1521	5 
2136	15	5 
2136	262	5 
2136	682	5 
2137	132	5 
2137	279	4 
2138	64	3 
2138	515	5 
2139	159	3 
2140	481	5 
2141	297	4 
2141	410	5 
2142	363	5 
2143	189	5 
2144	552	5 
2144	1328	5 
2146	527	5 
2149	1508	5 
2154	757	5 
2155	823	5 
2156	584	5 
2156	728	3 
2157	590	5 
2158	161	5 
2159	1524	5 
2160	161	3 
2160	1312	4 
2162	404	3 
2164	410	4 
2165	417	5 
2165	544	5 
2165	1155	5 
2166	163	5 
2170	441	5 
2171	92	5 
2171	266	4 
2173	29	5 
2173	788	3 
2174	145	3 
2174	169	5 
2174	219	5 
2175	813	4 
2176	236	4 
2176	508	4 
2176	749	4 
2176	969	4 
2177	403	1 
2178	719	5 
2179	566	5 
2179	616	4 
2181	847	5 
2184	1348	4 
2184	1350	5 
2185	1108	4 
2186	1388	4 
2188	27	3 
2190	284	4 
2190	301	5 
2191	171	5 
2191	285	5 
2193	216	4 
2193	619	5 
2194	1012	5 
2195	1531	5 
2196	1363	5 
2198	313	5 
2198	484	5 
2199	159	5 
2199	638	5 
2200	416	3 
2200	970	5 
2203	8	5 
2203	544	1 
2203	892	1 
2205	312	4 
2206	1110	5 
2207	972	5 
2207	1462	5 
2208	59	4 
2208	68	5 
2208	551	3 
2211	1014	4 
2213	398	5 
2215	243	5 
2215	671	3 
2216	145	5 
2216	385	5 
2216	1382	5 
2218	960	4 
2220	144	5 
2220	1467	4 
2221	1373	3 
2223	1173	5 
2224	557	4 
2226	487	5 
2226	607	5 
2227	665	5 
2228	103	5 
2228	511	5 
2229	505	5 
2229	736	4 
2230	267	4 
2231	101	3 
2232	50	5 
2232	382	5 
2233	796	4 
2233	917	5 
2234	1110	5 
2235	58	4 
2235	239	4 
2235	249	4 
2235	465	4 
2235	602	5 
2236	865	5 
2237	432	5 
2237	1189	5 
2239	602	5 
2241	9	5 
2243	1270	5 
2244	397	4 
2244	440	4 
2244	969	3 
2245	144	5 
2245	312	5 
2245	384	5 
2248	77	5 
2248	86	4 
2248	917	3 
2250	340	4 
2250	550	2 
2251	10	5 
2251	435	3 
2251	810	4 
2255	395	5 
2255	453	3 
2260	476	5 
2262	476	5 
2262	856	5 
2264	11	4 
2265	173	5 
2265	622	5 
2266	86	5 
2266	299	4 
2266	1224	4 
2268	1039	5 
2269	30	3 
2271	920	5 
2273	316	5 
2274	698	5 
2275	17	4 
2275	160	5 
2277	331	2 
2278	173	4 
2278	1512	4 
2279	784	5 
2279	1216	5 
2280	978	5 
2282	1156	5 
2283	212	5 
2286	1371	5 
2286	1400	1 
2287	293	3 
2287	886	5 
2289	98	5 
2290	169	3 
2290	388	5 
2293	404	3 
2294	989	5 
2296	752	5 
2298	1483	5 
2299	249	5 
2300	279	4 
2301	926	5 
2303	1172	4 
2304	1397	5 
2305	316	5 
2306	281	5 
2306	414	5 
2307	104	5 
2307	114	5 
2307	181	5 
2307	679	5 
2307	710	5 
2307	755	3 
2307	964	5 
2310	1485	5 
2313	78	5 
2314	768	4 
2315	888	5 
2317	144	5 
2318	268	4 
2318	1048	5 
2318	1338	5 
2318	1503	5 
2322	48	5 
2324	85	5 
2324	1355	4 
2325	123	2 
2325	139	5 
2325	1031	4 
2329	183	4 
2329	397	4 
2329	452	3 
2330	473	5 
2330	980	5 
2332	92	5 
2332	267	5 
2334	26	5 
2334	137	5 
2334	362	2 
2336	236	5 
2336	513	5 
2338	1159	5 
2340	1051	5 
2340	1166	5 
2341	233	2 
2341	1291	4 
2342	11	4 
2342	690	1 
2342	900	5 
2343	636	5 
2343	967	5 
2345	148	3 
2348	552	5 
2349	15	5 
2349	192	5 
2349	500	5 
2349	808	5 
2351	865	4 
2351	942	4 
2351	1451	5 
2352	1045	5 
2356	347	5 
2357	1000	5 
2359	1449	5 
2360	223	3 
2360	272	2 
2360	278	4 
2360	550	4 
2360	752	4 
2361	1171	1 
2364	343	5 
2364	528	5 
2366	144	5 
2366	145	3 
2366	833	4 
2367	1461	5 
2370	43	5 
2370	209	5 
2370	242	5 
2370	828	5 
2371	1309	5 
2373	557	5 
2374	209	5 
2377	160	5 
2379	239	5 
2379	437	5 
2380	269	4 
2380	684	5 
2381	868	5 
2381	1161	5 
2382	880	5 
2383	493	5 
2383	772	5 
2385	192	5 
2385	233	5 
2388	1443	5 
2390	499	5 
2390	997	5 
2394	254	5 
2395	1426	4 
2399	44	5 
2399	846	5 
2403	483	5 
2403	657	4 
2405	372	5 
2406	59	4 
2406	981	5 
2407	942	5 
2407	1237	5 
2409	840	5 
2410	34	5 
2410	893	5 
2411	273	3 
2411	572	4 
2412	553	5 
2412	590	5 
2412	1219	5 
2413	144	5 
2415	784	4 
2416	1034	5 
2417	570	5 
2419	615	5 
2419	697	2 
2421	1428	5 
2422	590	5 
2424	1327	5 
2426	856	5 
2426	879	5 
2427	528	5 
2428	31	4 
2428	103	4 
2428	219	3 
2430	1166	5 
2430	1476	5 
2430	1512	5 
2431	799	4 
2432	986	4 
2432	1103	5 
2434	354	4 
2436	132	4 
2436	657	5 
2438	671	3 
2439	551	3 
2440	337	4 
2440	1520	3 
2441	1290	3 
2442	1468	4 
2443	62	5 
2443	1045	5 
2443	1114	4 
2444	1587	5 
2445	1156	5 
2445	1561	5 
2446	746	1 
2446	800	5 
2446	1343	5 
2447	859	5 
2447	1561	5 
