138
389
87
35
594
406
548
129
534
223
798
341
449
480
16
252
491
169
633
811
356
92
18
203
827
79
695
550
292
50
508
323
753
227
590
1407
831
1136
558
83
860
694
555
352
569
748
778
34
394
788
137
859
807
145
1025
1439
172
214
299
114
275
1009
89
103
67
309
536
768
123
297
1145
343
865
979
372
1366
420
134
565
262
803
482
916
1017
197
609
850
140
181
432
416
57
915
1290
725
1096
75
421
200
205
493
1046
470
1151
419
388
70
90
241
1227
949
109
429
158
68
5
232
749
360
932
1085
263
56
845
209
1058
257
150
563
894
1125
233
567
674
264
1
220
1529
1042
502
1377
459
48
182
105
1320
532
862
231
387
307
1138
861
888
627
1310
708
772
49
588
1488
1084
726
392
677
848
1157
540
254
605
691
112
376
418
997
1491
1108
1354
962
1135
697
466
151
1279
1086
342
1373
31
453
443
1335
272
350
1185
1162
258
1033
434
481
883
887
835
171
221
1031
433
20
614
1097
763
649
781
985
1106
290
777
452
199
682
858
1464
1494
1393
1072
1250
425
533
381
1374
696
637
832
750
386
874
947
27
526
355
673
346
542
417
578
580
32
46
136
441
678
884
496
242
490
1003
1453
91
278
564
405
1229
1472
427
572
1278
1420
120
458
86
623
728
597
293
168
514
642
132
195
393
909
686
1175
319
770
1014
1049
384
1149
238
988
1115
1333
306
1059
1558
679
787
795
269
243
818
226
958
327
792
917
922
365
396
1313
217
1324
334
