1037
17
456
462
1388
1534
837
1180
415
603
1001
721
776
77
547
929
1214
1231
1458
1554
369
398
591
656
791
914
946
284
495
589
651
896
1071
337
348
408
615
1002
1421
304
507
60
950
1078
3
259
783
1305
371
428
472
535
635
667
295
328
522
335
983
984
1306
256
358
500
975
1220
1280
45
225
321
581
744
895
1327
1506
170
955
133
1057
39
1158
1348
1113
755
274
931
518
904
1163
1555
147
476
477
72
660
668
1054
546
662
1307
439
797
617
1000
281
157
573
102
606
824
1121
116
1160
730
826
1019
1159
1277
953
1276
912
964
42
97
98
901
1116
430
1470
40
104
612
923
1155
1063
1325
1427
76
179
194
1148
1482
6
84
629
1292
1061
1392
93
610
805
993
1152
1208
403
634
767
52
1267
1299
1422
1497
237
489
494
584
690
959
970
1321
1441
255
551
720
889
1139
1271
560
659
722
733
825
1451
41
1039
671
1076
95
1314
300
908
364
698
1564
444
1133
1455
703
240
854
731
828
1041
276
943
1198
260
579
903
142
357
1268
206
977
1089
353
440
1399
244
585
971
1192
246
906
1297
447
515
183
863
940
1105
1112
956
954
373
1095
1240
471
485
664
676
1264
317
359
1248
1281
163
166
247
537
742
1351
746
1184
78
1083
303
377
723
843
94
349
88
117
222
461
809
1528
310
586
688
928
1045
73
228
302
756
933
1396
1489
554
1064
1484
1550
475
1207
1397
1460
64
185
1008
1259
1334
710
925
1126
1413
370
1242
1350
148
587
815
1258
1444
1538
1545
382
484
689
706
1199
1205
1381
574
1102
1312
1023
613
737
869
279
996
270
556
451
271
125
1245
1475
1166
118
193
1328
853
1027
253
101
1527
1295
124
345
450
1218
1563
961
1235
59
167
326
446
599
313
926
390
30
333
517
877
1479
51
111
141
435
492
527
762
897
1433
1474
576
812
972
1077
1200
1294
399
714
838
1074
10
74
766
1124
1239
1317
736
177
218
562
702
1293
108
519
592
669
935
1060
1454
131
577
644
793
1024
1080
1104
1255
1566
296
354
448
1131
1247
332
395
829
857
878
1029
1069
2
280
501
650
960
1047
1269
175
488
658
672
1179
186
512
681
1048
1081
1094
1191
1215
400
442
739
1238
1522
1530
234
1128
1428
1449
229
340
666
780
1436
1465
1486
374
830
1261
1556
248
561
814
866
1342
1401
1347
1394
1417
1476
1114
1234
786
715
1251
483
191
951
1416
204
1285
994
840
1288
1535
568
1132
879
711
1189
685
1021
559
973
144
583
1257
202
368
1109
1154
1319
1197
159
162
607
810
1358
239
251
967
268
311
347
1006
1066
13
156
308
454
758
796
1167
1210
100
121
604
842
1174
1246
1265
1539
173
273
318
455
486
974
1100
1409
106
235
765
913
322
338
616
717
885
1146
1187
1372
1383
1386
1395
1504
119
161
265
438
655
898
936
999
1035
1170
1266
1424
1493
385
1359
1445
122
152
315
404
473
529
552
670
1177
1206
1336
176
497
528
611
740
745
759
934
987
1073
1291
1357
1525
25
58
62
146
511
545
833
978
1011
1056
1176
1414
139
298
330
595
608
761
821
851
1316
1551
15
153
402
437
571
1302
325
963
1431
1448
216
801
1032
1110
1168
149
620
625
921
1118
1015
1226
1471
1298
431
719
208
189
891
919
965
870
423
1190
530
411
524
1211
1356
538
911
468
900
1262
1519
61
499
582
1371
110
397
210
287
375
379
844
1188
1252
1461
647
687
1067
1541
752
1098
344
628
1022
24
71
215
553
769
886
1256
63
982
992
1315
1369
1418
445
544
692
1161
700
957
998
1107
1171
1287
69
741
1007
1018
1169
1284
1326
26
314
413
713
738
764
1140
619
1363
1398
1517
28
174
410
426
663
1005
1141
1228
21
463
549
648
1130
1466
1502
1532
22
43
261
285
291
383
401
593
621
876
1038
1296
1361
113
188
516
716
1050
1070
1437
1520
1533
7
155
198
267
503
504
646
751
789
806
924
986
1362
1387
817
1065
1092
1309
1322
1365
1559
19
82
99
184
436
875
892
938
1122
1378
1531
96
305
643
707
804
868
927
995
1028
1101
1282
1536
154
693
1034
1202
1406
1412
1508
654
718
969
1111
1308
1405
1415
1438
378
575
1452
1515
66
510
1224
1382
1462
760
1012
1016
930
1507
1213
1353
1345
1103
1419
1196
1469
1483
525
460
657
1053
282
823
847
944
1040
712
980
1547
478
813
820
1274
881
890
899
23
775
799
1068
224
506
724
1304
1505
1552
474
819
990
135
618
757
1513
250
523
294
479
596
808
945
1088
1379
638
683
849
1082
1099
1260
1283
47
53
465
513
557
743
948
976
989
1079
1120
1478
467
675
839
1036
1318
1411
164
286
336
531
566
1339
1341
1385
1490
1518
54
230
469
509
754
918
1147
1263
1391
1468
12
785
991
1030
1055
1402
1425
1434
1456
1457
1526
1540
85
570
653
1026
1051
1194
1349
1389
1430
1495
1561
11
636
699
981
1156
1496
1512
1521
1542
9
800
1343
1344
1375
1477
1514
212
598
684
709
1301
1329
1523
33
55
277
836
852
1249
1275
1440
391
771
1043
1093
1165
1172
1225
1330
1360
1498
361
1241
1467
1546
968
81
910
1364
1243
115
457
1500
320
846
1253
29
288
1142
1332
422
424
773
192
1195
624
180
1446
622
1013
1390
867
902
1233
1236
1435
1503
213
380
626
1368
1376
1450
128
324
329
521
543
905
941
1164
1203
1426
65
127
249
316
600
632
1119
1367
1501
1549
8
414
735
782
1230
126
165
266
289
301
630
937
1352
1370
1403
1543
1553
187
367
539
704
864
880
1044
1217
1223
1244
80
107
130
1075
1183
1442
1480
4
464
732
893
942
1173
1209
1473
1509
1511
1537
339
631
855
873
1178
1212
14
331
680
1423
1487
1557
701
802
1087
211
665
1186
1300
729
1216
841
966
1143
1193
1272
207
312
1222
1020
1432
219
1062
1127
160
907
1311
1429
505
790
1150
640
1137
816
1355
201
363
705
1117
1380
1447
1499
366
1181
1510
856
1219
1273
882
1201
1524
0
498
520
601
784
871
939
1182
1204
1323
1331
36
196
351
727
779
794
1346
747
952
1303
1492
1129
1289
1516
1567
641
1286
774
920
652
1562
487
1090
1485
661
236
1144
362
1004
1221
1560
1237
1254
178
1384
1443
1463
822
1123
38
190
283
1134
1408
1410
44
409
1565
602
834
1091
1548
541
1400
1459
645
1232
1404
1544
37
872
734
1270
412
1153
1338
143
1340
245
407
1481
639
1337
1052
1010
