182
84
1237
1569
104
174
273
1594
18
37
507
81
414
817
1260
331
235
315
510
7
29
181
427
695
809
963
38
362
470
814
912
965
1033
58
169
227
283
777
1241
296
588
56
394
620
702
855
869
1431
201
274
790
929
1443
1474
653
964
355
407
768
832
385
433
749
808
1217
1253
1
499
593
595
678
1027
1616
14
59
184
476
701
1596
289
301
314
443
551
712
921
1031
1229
1524
371
521
722
960
1509
1830
74
105
123
457
493
574
592
741
1151
1706
79
454
594
1157
1557
2099
399
463
544
650
847
1246
1440
80
139
198
293
708
761
812
819
1442
1903
54
66
116
191
196
306
333
738
839
923
1301
277
441
486
530
643
676
780
861
999
1224
1288
82
162
187
216
429
698
843
868
1516
2030
63
156
185
299
491
580
721
852
956
1721
2025
341
423
492
537
614
1601
183
300
471
611
627
638
639
766
1066
1324
1713
1886
2092
203
255
351
682
699
911
948
1167
8
50
85
155
284
389
895
1876
16
19
71
178
213
319
612
751
778
1107
2173
114
218
310
348
387
576
1196
1378
1520
129
288
523
582
634
696
829
915
1395
1422
1627
1928
2006
180
372
500
907
977
1156
1661
179
559
690
1069
1687
2022
163
212
373
426
654
810
860
1075
1251
1842
2142
17
730
820
853
884
1010
1028
1055
1521
1530
1758
2013
30
211
403
897
1183
1207
1320
1392
1449
1560
1604
60
200
558
625
706
1011
1095
1153
1225
1455
1461
1666
1719
1779
72
186
189
279
324
332
478
502
882
926
973
1036
1329
1676
2156
0
33
171
458
495
591
742
900
1032
1080
1090
1541
1985
170
435
548
797
848
1063
1064
1081
1201
1267
1287
1327
1413
1673
31
111
221
241
366
508
617
685
719
815
1054
1091
1113
1152
1254
1531
1621
1814
1831
167
297
358
474
541
545
602
629
668
744
851
906
939
1099
1710
1852
175
240
265
320
534
716
826
872
938
943
978
1261
1459
141
339
579
725
831
866
885
1119
1160
1175
1242
1269
1291
1351
1606
1697
65
89
149
294
359
503
600
610
806
924
979
1276
1423
1433
1465
1514
1689
1728
1977
77
83
143
321
342
501
652
693
914
1004
1143
1279
1303
1318
1484
1492
1617
1711
1962
2370
39
46
100
121
244
267
275
858
1058
1236
1272
1600
1626
1698
1869
2028
2075
2218
67
109
205
737
932
1051
1250
1283
1458
1597
1630
1684
1900
1909
2136
246
270
335
437
666
718
996
1116
1125
1162
1347
1404
1444
1502
1685
1722
1742
1764
1890
2071
24
32
113
462
644
659
673
784
892
1110
1203
1206
1275
1295
1344
1375
1527
1648
1669
1791
1953
1959
6
26
125
245
254
316
322
330
398
410
637
646
736
874
1309
1314
1364
1460
1497
1543
1602
1715
1818
1897
1924
1971
2010
2089
2157
3
75
133
176
312
440
445
469
498
542
550
746
763
862
944
961
990
1139
1163
1200
1255
1268
1393
1588
1633
1672
1696
1800
1841
1914
1945
2124
145
282
304
374
496
525
555
647
657
743
798
835
901
1016
1023
1103
1117
1133
1294
1300
1322
1387
1447
1485
1490
1739
1952
1984
2132
2292
2320
291
356
363
734
772
792
807
811
888
1223
1312
1319
1445
1529
1623
1726
1778
1788
1795
1798
1859
2034
2242
103
232
334
338
417
563
714
890
894
1015
1074
1230
1259
1379
1412
1629
1940
2018
2334
97
138
210
392
411
494
533
570
596
609
671
735
793
949
1003
1171
1331
1340
1397
1468
1535
1643
1704
1821
2093
2176
51
188
226
236
511
586
605
645
757
867
876
951
954
962
967
983
992
1478
1554
1654
1782
1989
2105
2158
2194
2215
2235
2299
2357
192
247
308
412
514
604
974
1009
1022
1105
1129
1343
1394
1424
1426
1566
1702
1755
1973
2164
41
69
88
193
382
384
419
467
531
822
834
849
920
953
1017
1029
1115
1226
1285
1432
1457
1625
1712
1731
1765
1783
1844
1864
2046
2065
2174
2273
2287
130
400
464
553
658
723
769
775
789
818
909
942
1030
1056
1087
1106
1120
1198
1199
1234
1411
1417
1475
1608
1748
1797
1870
2012
2044
2231
55
140
307
309
364
391
413
422
434
436
442
539
561
846
856
904
905
1281
1317
1339
1373
1385
1425
1576
1729
1767
1837
1850
2042
2066
2162
2253
28
86
151
261
287
357
381
448
571
577
664
697
781
824
871
879
1068
1084
1104
1174
1194
1367
1407
1595
1642
1659
1843
1896
1944
1954
2210
2217
2318
2324
220
238
302
536
581
660
837
875
928
986
1021
1078
1186
1215
1216
1221
1361
1472
1496
1581
1614
1662
1690
1693
1705
1744
1746
1995
2095
2230
2
11
214
264
328
353
431
506
509
552
598
599
727
786
994
995
1048
1130
1205
1219
1257
1332
1419
1471
1473
1526
1584
1679
1737
1809
1872
1916
2002
2087
2154
2266
2323
25
40
90
222
295
425
466
543
566
913
1041
1070
1140
1178
1273
1403
1437
1481
1538
1550
1589
1785
1803
1804
1812
1873
2122
2179
2248
2251
2313
53
99
137
157
228
233
234
395
401
404
415
432
449
473
485
565
584
683
773
801
857
865
873
902
935
950
980
982
1034
1060
1109
1126
1149
1165
1185
1187
1190
1209
1258
1334
1406
1448
1450
1476
1513
1556
1618
1695
2070
2126
2269
2332
5
61
91
202
206
450
549
603
613
636
662
680
681
765
770
863
987
1005
1043
1057
1097
1231
1264
1306
1325
1328
1349
1355
1427
1467
1620
1631
1653
1671
1747
1774
1793
1854
1923
1933
2024
2111
2137
2171
131
326
343
344
420
430
455
475
547
641
691
704
787
800
841
899
1067
1073
1131
1158
1192
1195
1262
1278
1315
1389
1399
1428
1452
1463
1500
1562
1591
1619
1675
1751
1754
1796
1881
1885
2014
2026
2037
2129
229
249
369
402
468
519
522
568
626
840
877
1002
1086
1299
1409
1429
1451
1555
1561
1583
1587
1593
1650
1665
1756
1862
2049
2060
2085
2150
2193
10
21
52
93
257
323
340
354
460
560
572
622
631
674
733
788
898
927
937
989
1102
1118
1123
1138
1164
1179
1305
1308
1388
1396
1408
1416
1487
1511
1678
1716
1760
1761
1805
1835
1849
1858
1964
2023
2027
96
107
239
243
248
252
518
569
616
703
740
755
767
774
795
910
998
1012
1046
1289
1296
1358
1405
1462
1479
1495
1542
1567
1577
1609
1652
1655
1677
1699
1736
1753
1777
1826
1832
1855
1857
1891
1958
1983
1998
2082
2104
2139
2146
2186
2263
2342
2383
108
158
177
237
290
418
452
490
705
754
785
941
955
969
1148
1256
1439
1510
1517
1590
1622
1781
1792
1848
1931
1941
1950
1951
1975
1976
2016
2020
2051
2058
2074
2080
2115
2138
2178
2291
34
142
219
337
497
633
686
715
762
805
813
825
946
1052
1085
1150
1166
1189
1293
1341
1342
1368
1371
1383
1464
1488
1498
1540
1573
1651
1769
1811
1820
1880
1884
1926
1949
2125
2134
2153
2180
2223
2224
2301
2346
2405
35
106
215
262
421
438
472
557
649
782
816
842
1172
1235
1271
1284
1310
1363
1398
1501
1537
1549
1552
1565
1585
1610
1714
1762
1772
1784
1787
1911
1913
1938
1968
1980
1993
2067
2068
2118
2228
2250
2284
2286
2322
23
256
268
513
630
687
758
804
966
1024
1026
1042
1049
1184
1188
1238
1270
1346
1352
1360
1381
1418
1504
1515
1519
1636
1657
1682
1720
1738
1822
1828
1905
1956
2033
2073
2106
2198
2282
68
132
134
199
224
380
405
424
554
573
628
669
694
756
760
783
827
886
903
947
959
971
972
1019
1061
1096
1132
1191
1197
1202
1353
1357
1369
1372
1374
1376
1377
1390
1415
1441
1477
1483
1544
1548
1582
1632
1645
1660
1670
1674
1770
1780
1808
1819
1824
1834
1874
1929
1939
1994
2032
2059
2088
2091
2094
2120
2130
2274
2285
2315
2343
2365
2392
78
126
253
266
388
520
585
635
689
745
844
850
889
936
1006
1013
1047
1146
1180
1227
1323
1499
1528
1599
1638
1694
1700
1707
1709
1776
1801
1817
1845
1856
1917
1960
1982
2009
2019
2056
2110
2143
2177
2219
2336
2338
2363
2372
2373
2381
4
64
195
439
487
524
828
887
940
968
1108
1122
1170
1181
1210
1239
1243
1244
1345
1350
1470
1688
1823
1846
1853
1882
1907
1910
1930
2008
2015
2102
2233
2255
2300
2340
2371
92
102
124
135
208
298
352
446
517
731
779
799
838
976
1079
1094
1135
1233
1430
1436
1568
1644
1664
1683
1727
1745
1789
1799
1825
1997
2081
2083
2086
2195
2239
2296
2347
2369
2379
2393
2434
27
95
259
286
313
406
428
535
957
1025
1040
1062
1076
1173
1245
1277
1438
1571
1646
1868
1902
1967
1991
2112
2188
2275
2348
2374
2389
2406
2408
110
160
161
190
230
272
276
336
361
365
368
383
477
515
529
583
606
661
679
713
728
732
752
771
794
830
864
916
981
997
1001
1014
1121
1134
1137
1145
1155
1182
1240
1286
1336
1370
1384
1410
1453
1532
1534
1545
1553
1559
1572
1575
1603
1691
1802
1904
1906
1918
1927
1937
1947
1966
2001
2029
2038
2039
2047
2054
2107
2117
2128
2140
2166
2167
2175
2182
2184
2216
2226
2229
2238
2245
2264
2267
2295
2314
2328
2331
2349
2353
2360
147
209
223
285
317
456
546
601
748
759
925
952
1007
1018
1039
1112
1124
1161
1213
1274
1313
1316
1348
1359
1366
1386
1414
1456
1506
1564
1701
1749
1768
1806
1807
1892
1893
1898
1899
1932
1936
1999
2004
2098
2147
2191
2199
2205
2206
2213
2225
2249
2293
2294
13
144
271
396
567
575
663
720
724
776
833
917
931
1100
1204
1307
1354
1420
1469
1508
1640
1725
1773
1875
1974
1996
2003
2007
2021
2035
2064
2069
2078
2116
2161
2185
2187
2220
2221
2227
2265
2270
2303
2304
2308
2327
2350
2362
2378
2398
172
207
327
346
590
711
726
729
753
764
791
878
893
896
975
1020
1059
1228
1454
1466
1525
1536
1732
1734
1816
1867
1878
1919
2048
2057
2100
2127
2145
2234
2276
2311
2376
73
94
318
451
481
527
538
640
709
1050
1136
1142
1252
1578
1592
1607
1637
1724
1861
1865
1871
1920
1942
1943
1990
2061
2119
2133
2212
2258
2333
9
115
120
127
204
263
303
390
465
480
484
587
589
642
665
930
933
984
988
1008
1053
1101
1127
1147
1208
1211
1265
1302
1335
1489
1493
1505
1522
1523
1598
1656
1663
1667
1680
1686
1723
1733
1735
1766
1815
1922
1946
1963
1965
1972
1979
2036
2043
2052
2063
2076
2096
2114
2123
2165
2168
2196
2203
2207
2208
2236
2241
2243
2262
2272
2288
2290
2309
2312
2316
2321
2329
2358
2366
2384
2387
2402
2409
2427
2428
2438
62
164
370
409
482
516
891
1044
1089
1154
1177
1193
1214
1298
1304
1486
1611
1624
1641
1647
1681
1752
1757
1790
1840
1863
1901
1934
1961
1969
1970
1986
2005
2011
2053
2202
2257
2271
2278
2279
2307
2325
2335
2368
2395
2414
2436
45
656
836
908
1111
1114
1159
1232
1292
1356
1400
1512
1539
1546
1563
1612
1615
1741
1743
1750
1879
1894
1921
1925
2017
2040
2045
2149
2190
2211
2259
2380
2425
119
375
483
700
717
1088
1248
1249
1337
1628
1692
1763
1771
1786
1813
1827
1847
2041
2121
2169
2172
2200
2252
2254
2337
2355
2397
117
250
397
597
615
632
750
823
1220
1402
1838
1883
1912
1981
2072
2109
2141
2160
2197
2222
2305
2386
2423
2430
122
350
377
386
416
479
488
489
651
739
802
970
1035
1065
1093
1168
1247
1266
1333
1380
1401
1533
1574
1635
1658
1708
1730
1851
1895
1908
1955
1987
1988
2084
2097
2108
2135
2144
2151
2159
2163
2181
2189
2192
2201
2214
2232
2237
2240
2277
2289
2297
2298
2310
2330
2339
2352
2382
2396
2401
2413
2417
2419
2421
2442
231
883
1212
1297
1311
1321
1326
1391
1421
1507
1518
1605
1613
1703
1717
1860
1877
2000
2055
2062
2090
2103
2155
2183
2260
2261
2354
2377
2404
2407
2415
2416
2440
154
217
225
880
958
1072
1128
1338
1362
1494
1586
1718
1839
1915
2101
2131
2244
2246
2256
2319
2326
2356
2400
2410
2437
292
854
1280
1435
1558
1570
1579
1668
1759
1794
1829
1887
1957
2113
2204
2280
2344
2359
2420
408
845
993
1282
1480
1866
2031
2209
2306
2317
2341
2367
2391
22
447
870
1141
1263
1482
1634
1639
1775
1833
1888
1935
1978
2050
2077
2079
2170
2247
2268
2283
2302
2385
2388
2390
2403
2412
2418
2422
2424
2429
2431
2435
2439
2441
2444
1092
1176
2281
2345
2375
2433
2445
1038
1649
1740
1810
1889
2152
2361
2399
2447
1491
1948
2148
2411
1045
1992
2364
2394
2426
2443
2446
2351
2432
