499
29
561
598
152
508
894
25
803
747
481
60
170
1
483
642
440
757
199
682
693
925
787
399
109
216
765
555
603
514
207
929
306
465
5
484
40
144
786
843
869
699
783
826
669
398
556
995
599
859
272
338
734
551
455
851
197
340
173
831
675
692
271
827
247
667
625
187
258
772
511
633
615
219
709
741
907
184
156
848
12
913
415
358
198
281
433
384
636
482
509
244
752
656
48
922
364
889
605
33
589
250
422
705
180
424
212
217
719
19
309
763
38
427
439
567
167
506
593
200
540
753
462
717
333
298
312
689
660
215
115
621
467
517
72
350
840
62
123
52
135
866
206
606
817
347
690
294
788
804
822
319
489
239
855
680
574
594
761
814
687
632
100
106
472
547
930
924
88
629
872
331
195
674
435
245
274
64
251
141
114
453
17
914
963
997
742
149
928
673
133
630
972
962
434
759
155
612
220
405
283
538
327
357
401
224
50
252
766
799
513
626
645
403
23
641
209
500
53
771
778
874
658
367
314
659
919
299
927
749
328
738
379
93
447
269
926
846
877
585
390
360
151
225
730
86
419
359
463
430
829
652
142
588
365
454
221
391
136
421
486
466
210
310
573
782
47
485
1000
80
226
550
3
823
256
622
348
810
694
545
915
955
307
628
536
808
169
438
544
946
952
444
710
404
882
770
917
973
449
643
235
664
618
931
691
108
735
354
61
769
118
523
193
376
906
554
701
451
166
267
767
535
932
126
861
480
130
505
116
493
635
878
867
147
504
124
58
610
366
566
668
287
676
989
947
349
575
273
356
725
343
794
688
81
191
740
891
978
450
51
237
644
739
562
143
715
117
228
795
631
884
185
445
90
32
497
475
1004
845
994
649
600
871
892
324
120
162
369
945
640
616
426
94
957
186
292
785
608
104
308
833
495
592
971
789
580
69
873
205
188
105
414
583
234
214
577
681
627
246
406
496
985
796
396
953
410
839
487
624
479
525
99
654
980
402
990
558
721
893
223
382
432
533
708
315
98
395
718
437
703
519
96
488
241
961
332
637
1009
394
300
363
797
157
758
733
335
178
896
474
532
663
820
36
243
821
987
393
940
330
897
809
830
355
727
775
297
614
802
900
988
2
862
824
634
582
1016
819
82
362
679
850
865
790
825
853
723
534
895
942
372
37
726
1018
279
182
295
970
666
510
724
172
993
476
320
863
238
75
418
259
416
596
268
921
731
880
948
937
569
748
263
722
552
526
159
977
959
760
565
27
888
1013
750
890
883
638
815
591
885
984
938
1005
231
743
812
670
968
408
983
344
912
543
119
578
712
744
43
179
265
711
902
903
736
242
672
791
949
950
568
858
278
868
498
289
754
518
346
194
958
253
956
800
381
818
122
698
965
459
901
530
943
342
412
773
951
218
345
881
446
939
648
876
260
655
835
0
996
436
1006
864
537
904
974
208
678
553
944
597
696
609
847
737
923
201
969
380
647
549
494
798
470
587
469
870
662
563
653
728
828
856
15
813
301
602
639
590
886
192
777
516
774
1002
911
842
541
22
1012
520
84
329
377
981
502
751
875
1010
697
837
529
905
714
24
303
966
811
539
685
461
512
1007
650
620
849
836
522
979
137
677
695
368
21
66
967
909
918
671
879
528
290
684
898
542
992
793
138
175
304
704
998
31
351
899
1001
443
834
468
982
991
611
492
999
762
807
452
110
1015
213
732
838
448
249
501
457
1014
841
131
832
375
417
581
844
975
275
607
954
707
1008
651
887
601
852
964
646
420
617
515
792
920
326
935
910
507
296
584
933
1011
576
39
613
934
916
908
801
570
18
1017
571
941
976
9
337
857
776
960
780
986
428
936
317
756
35
860
548
1003
559
619
