168
71
374
163
270
11
288
74
257
285
181
121
746
490
158
68
57
44
165
248
232
97
73
262
240
389
150
67
325
334
30
92
70
76
177
42
171
473
423
134
160
102
378
527
176
26
148
702
59
302
595
425
293
202
478
139
10
222
146
521
255
713
127
46
87
41
311
103
373
65
385
441
477
85
491
174
77
282
458
411
291
95
132
204
460
28
145
101
83
154
383
387
276
164
161
442
111
313
339
524
572
388
745
716
140
280
579
322
781
586
16
386
45
211
113
203
854
503
233
236
557
720
400
764
189
805
34
661
91
190
230
456
264
318
20
768
8
779
183
254
125
531
227
407
54
784
370
316
7
261
429
409
284
78
700
657
323
686
49
89
361
546
107
196
665
128
564
397
604
229
471
286
129
683
806
153
336
729
305
277
560
63
266
79
14
352
413
56
55
755
371
392
321
464
112
4
623
341
6
353
13
816
431
706
