932
1088
681
1371
1031
488
1622
732
910
1163
834
1348
1167
205
444
883
295
96
915
119
623
179
176
867
1436
387
1261
647
965
1030
751
1045
1056
178
1006
672
541
240
1412
1207
449
194
1046
1243
349
540
575
1749
918
648
543
745
1173
377
782
1192
1224
1322
1524
785
1603
1039
562
162
413
94
856
10
58
629
551
643
393
389
1066
1196
331
1152
1093
895
861
545
1422
55
1001
414
1281
859
1314
137
1245
847
586
429
527
1555
1226
852
1228
143
315
306
1092
1306
916
901
344
206
606
547
991
101
705
1439
116
373
520
415
582
1287
1352
184
738
1085
1689
262
165
617
207
830
268
1147
1027
153
1211
196
533
780
1513
1157
436
573
291
668
760
177
319
1135
504
560
1283
1670
801
1241
40
451
825
149
1127
516
316
844
736
580
1509
1222
360
1372
963
1073
426
879
781
1483
120
346
1205
1643
665
71
1272
342
139
1347
1101
607
719
1358
502
832
972
1289
1058
1239
108
808
565
372
398
1191
1338
762
1303
885
670
459
1074
1481
1382
1042
768
979
213
299
36
1587
214
1582
1138
564
266
836
430
24
341
479
608
230
1484
351
381
1668
646
1521
713
1084
11
1627
440
1258
968
134
585
308
269
385
1284
1600
1302
526
549
1126
694
438
610
658
1080
613
484
420
1511
1
1032
911
1047
557
1186
338
50
1718
1606
855
470
757
110
1050
1182
114
1271
1268
524
519
140
231
1486
1428
775
432
1391
16
250
903
1547
1265
848
795
1067
508
183
591
450
1333
1033
227
749
922
913
123
679
531
627
174
425
975
797
1148
574
155
553
127
364
1393
1471
352
1542
796
348
1350
625
1137
1136
1022
1480
186
635
870
279
837
34
314
434
274
888
899
717
172
631
254
384
1231
685
878
690
1503
755
1305
1420
222
1518
