126
614
33
811
1275
271
1232
704
164
686
753
1607
1651
1153
510
193
1578
272
926
673
141
1399
441
464
41
1631
605
1171
1512
756
546
637
258
931
1671
47
30
880
638
1015
265
91
142
204
499
1054
772
600
1150
477
88
1159
709
435
255
944
419
1009
890
136
422
86
661
1363
1532
597
424
695
84
276
237
54
404
877
927
522
472
1386
697
766
914
800
514
1608
1132
209
1024
135
663
1013
1199
530
649
304
151
489
764
1125
498
784
59
43
655
32
790
26
281
984
466
1041
816
777
1249
934
1456
445
1107
339
767
579
558
1193
1215
714
689
1441
117
288
1233
1495
20
1462
293
361
1017
368
1558
1332
1392
465
667
730
1113
982
1361
202
330
817
8
345
1075
1384
971
537
192
168
1321
1408
853
220
1463
513
891
532
1293
70
112
908
267
226
993
620
534
1198
708
716
336
1298
821
12
1457
1210
1490
1174
1334
374
554
702
1413
1693
408
1099
1349
1059
1354
492
845
264
904
1312
251
701
1273
154
812
590
1172
366
1212
1052
1628
1320
1220
1155
1377
1527
286
1004
386
1260
652
53
739
1316
954
611
1369
457
819
1177
1023
669
823
1106
452
1510
72
200
581
188
257
496
1365
978
650
1248
1455
501
324
521
1154
1295
936
1324
1625
1567
1713
770
85
471
203
900
1390
1629
1234
486
296
1188
722
462
724
1185
347
813
742
69
312
1394
27
1342
688
858
862
599
996
1469
1655
1660
615
662
618
328
946
1549
525
1325
612
814
5
933
289
1109
711
1255
595
1452
1501
1515
765
75
357
156
653
1658
309
1036
166
1537
38
63
512
509
2
1760
60
820
759
1014
187
1548
1400
1291
270
280
603
881
1225
1078
1740
242
1276
786
1194
1068
171
1077
67
1296
121
42
89
857
1083
1566
1140
61
224
1238
390
644
953
1061
447
1494
1230
300
771
1497
223
912
1218
569
1244
103
1301
443
128
1048
1426
57
245
1416
448
1398
989
474
322
715
675
1664
1300
1076
552
1012
1007
25
1571
1520
1613
1594
239
147
92
1145
925
1442
1149
1117
727
325
506
475
818
421
507
1053
1079
370
1672
376
712
1339
773
367
1433
1337
1653
383
1488
455
1069
1468
1130
1423
1098
76
1025
221
1133
983
1647
453
1609
343
1120
175
190
469
1259
1565
365
671
1323
1612
810
1040
1121
1438
218
129
1216
198
456
1535
1280
576
1090
405
82
303
929
1624
718
1227
1064
986
827
1543
73
1682
1292
1184
703
353
1417
563
806
1373
1705
44
454
854
592
1297
133
238
1507
1317
329
994
1552
246
7
247
1044
1572
528
1761
323
21
907
824
889
460
182
909
1329
302
659
145
68
290
442
1404
1313
1523
939
1213
158
1336
1626
1202
930
1328
1634
1636
1685
52
379
399
1124
568
1465
636
292
838
1028
948
1556
431
1164
1368
4
1264
726
369
321
1722
195
259
596
1247
882
955
829
211
490
1146
6
1330
485
1464
1396
311
864
476
559
876
789
1522
1344
105
874
375
601
802
804
81
327
731
1454
677
809
863
1684
1746
49
942
843
1359
917
1277
1546
947
333
1748
967
1219
1528
1753
305
283
943
395
1719
1559
1176
1444
1294
9
875
216
473
692
831
721
1082
1063
310
1585
588
1343
412
1619
115
99
1060
959
80
249
1529
500
356
898
463
1381
1498
1499
752
1197
609
1692
1575
263
956
29
1539
98
741
783
583
1659
1508
382
1458
1657
566
318
1018
1104
1448
467
747
173
107
865
788
850
981
1091
124
1327
1637
1461
622
1623
241
298
1143
1667
411
1640
1115
56
1695
505
734
1724
1253
64
1677
1355
536
567
570
180
542
680
977
805
97
491
729
1632
1161
1492
1356
1129
1236
1286
93
1183
1541
217
952
380
906
1573
1405
1175
1285
1493
256
1427
359
1374
410
1733
826
1204
1504
1000
1430
1251
962
95
748
654
1717
1730
1642
632
578
868
1698
66
106
698
799
1021
787
1531
169
157
243
494
313
1151
548
104
495
51
1262
529
287
1477
594
1726
1656
1593
210
517
1621
1116
621
1108
1057
1646
1345
725
1763
676
1618
1550
920
1644
423
392
1470
113
544
935
235
1460
1595
1725
1506
1688
1118
396
1597
493
138
707
624
1051
332
1353
1180
1223
1367
1414
589
807
232
515
229
1534
132
1517
1449
407
893
1601
1203
354
478
1588
363
83
840
1123
1375
18
754
1037
252
1525
1181
696
1475
626
897
219
130
1029
798
1617
1086
1156
28
1307
388
1424
778
1727
77
1663
1279
1577
150
1473
866
1598
602
1237
1568
1673
1240
735
78
973
15
1102
1502
1128
1200
17
645
1103
555
74
1169
539
1397
225
1437
1467
1514
950
728
244
1141
1308
1406
1263
1266
964
666
873
1072
958
860
46
1165
228
723
849
37
1758
159
1635
402
905
199
1089
433
919
1166
992
556
687
921
62
1208
1269
997
1530
1472
720
1114
1590
693
710
1267
468
1496
427
260
656
79
334
144
842
1315
1425
1366
1553
1434
1580
1614
1257
45
48
664
769
1005
1774
350
949
1570
1599
851
998
1319
22
1711
1256
1491
1554
1728
641
1736
1415
1419
1453
401
791
1697
571
122
1110
1055
684
118
23
1002
1602
1311
1326
503
1195
248
902
1011
19
131
409
14
481
598
660
1418
833
1142
1786
391
1335
691
1351
1616
1087
1131
1505
301
961
1252
1574
284
1674
746
282
1189
461
970
758
1545
871
1779
13
587
1447
362
1739
236
1633
1650
355
100
940
1714
1662
1785
1620
1158
682
39
985
957
1755
337
1536
523
740
1519
1062
483
1162
1681
1071
1690
604
1214
1407
1081
1765
111
90
1429
1596
1683
1562
1178
1446
167
487
1592
535
1686
1190
1235
945
191
1035
511
1583
1709
651
1357
1734
1310
275
400
584
896
1563
1485
577
397
1533
261
482
1304
999
358
1783
616
1221
1160
1702
550
518
1168
1720
320
1410
0
215
439
146
317
125
1179
674
1630
1704
822
1700
406
1435
1466
1383
987
1170
273
639
189
1654
1691
294
148
1112
841
1049
750
285
102
1096
1538
1589
1105
1540
1611
1134
633
1474
65
163
1729
628
700
1026
1403
1389
197
872
630
3
212
1701
335
1678
497
1274
642
208
1206
988
634
1706
657
1766
1723
253
1777
1119
1770
960
1776
923
990
170
1615
1652
1752
1019
1254
307
683
1604
1095
35
1144
1016
233
1070
1500
1282
828
1278
1432
995
839
1402
744
951
1217
1795
886
924
1201
1661
743
1376
277
1716
1794
297
185
1732
1411
538
561
437
1584
371
593
1003
1564
1767
894
1010
737
326
1605
969
31
1331
1387
1318
1793
803
1038
1288
706
1270
779
1751
1242
572
1526
776
480
846
340
1721
1703
1750
793
458
1708
1450
1100
1479
1710
1229
763
941
1792
1778
1744
733
428
699
1787
938
152
1340
980
792
1591
1557
201
1745
446
1737
1610
869
1707
278
416
1409
1187
1478
1782
1586
161
1008
1360
1299
678
1362
418
1789
403
619
1699
1790
1065
1679
378
1401
1370
1687
1769
1043
1516
1715
1482
1034
1341
1712
1759
1431
1738
1385
1309
1459
1551
1747
1791
1487
761
884
1696
1388
1097
1648
1560
160
1666
887
181
1139
937
1111
1443
1364
87
1250
1764
1742
1569
892
1379
976
1579
1378
1445
234
1346
1771
1476
966
1675
1768
1380
1669
1780
1735
1209
1741
1754
1639
1784
1772
1576
1544
1757
794
1680
774
1731
1290
1395
1762
1246
1020
1638
1581
1421
1440
1676
1451
417
1641
1756
1781
928
1649
1694
1489
1788
1665
1796
1094
1773
815
640
1122
974
394
109
1645
1775
1743
1561
835
