247
662
44
31
40
96
431
287
271
38
148
399
48
35
292
381
488
478
808
553
32
358
8
482
376
12
84
516
493
618
64
624
836
294
224
486
591
386
74
58
222
419
443
217
0
483
377
243
62
319
610
739
418
514
498
576
549
747
63
348
61
239
352
388
579
238
680
234
520
862
577
630
200
615
24
632
444
500
523
560
622
816
375
391
872
269
366
114
138
374
617
106
142
740
312
543
206
212
666
79
213
638
833
954
950
177
258
205
2
120
503
11
135
1082
134
361
362
337
524
178
257
699
761
46
367
641
681
23
355
640
211
286
536
580
606
856
105
427
769
37
171
772
968
425
479
656
509
447
432
674
873
989
244
561
727
117
208
445
853
270
768
128
196
272
389
459
667
750
226
364
668
197
347
356
402
748
144
605
712
834
1015
455
501
1074
13
842
717
43
188
395
725
5
59
441
719
183
566
865
7
564
883
980
1087
201
422
429
546
600
676
1029
51
359
45
221
289
589
621
650
799
78
252
283
316
336
378
751
20
