798
138
279
233
1114
1393
389
129
1300
508
1072
569
356
35
323
262
996
466
270
1151
1471
1348
567
89
854
731
92
151
406
753
795
18
1298
419
803
388
341
556
548
674
748
828
1250
264
425
594
1
778
70
103
34
227
533
90
1041
87
451
276
394
590
788
203
1407
241
431
482
831
137
269
1113
1227
1279
271
827
1136
67
719
1234
243
449
1086
125
252
491
916
1245
220
309
859
949
1475
16
342
381
1373
79
109
1017
197
755
943
1198
260
274
558
579
903
1166
1529
142
208
1042
1374
83
818
189
860
891
919
226
502
931
480
958
965
1377
327
807
118
459
31
357
429
609
696
48
453
518
534
536
637
792
832
917
145
169
182
193
443
633
786
850
870
904
922
1163
1268
1555
140
181
365
396
432
715
750
1251
206
416
768
105
123
147
158
297
386
1025
1320
1328
1335
1353
57
68
272
853
874
1145
1313
343
423
476
532
695
862
947
977
1027
1345
5
27
217
253
350
483
526
865
1439
101
223
231
355
387
477
729
1089
1527
979
1324
72
172
191
334
353
660
668
915
951
1037
1054
1103
1190
17
232
440
546
662
673
1185
1307
1416
214
307
439
456
530
694
749
797
1295
81
346
360
411
462
617
932
1138
1290
1419
124
204
299
524
550
555
725
861
1000
1085
1096
1211
1285
1388
75
281
292
345
372
450
542
888
994
1356
1399
1534
157
263
352
417
573
578
580
840
910
1162
1288
32
46
102
136
258
421
441
538
627
678
837
884
911
1033
1218
1310
56
200
244
