0	40	1 
0	641	1 
0	795	2 
1	4	1 
1	97	1 
1	118	1 
1	282	1 
1	334	1 
1	469	1 
1	709	1 
2	377	1 
2	628	1 
3	12	1 
3	305	1 
3	360	2 
3	380	1 
3	552	13 
3	865	1 
3	894	8 
3	955	20 
3	1048	2 
3	1059	10 
3	1166	2 
3	1179	1 
4	73	3 
4	207	1 
4	391	1 
4	497	1 
4	576	3 
4	659	1 
4	698	1 
4	817	2 
4	899	1 
4	1079	1 
4	1081	1 
4	1121	1 
5	337	1 
5	402	1 
5	418	1 
5	458	1 
5	541	1 
5	608	1 
5	805	1 
5	816	1 
5	944	1 
5	1116	1 
6	71	1 
6	90	1 
6	100	2 
6	149	1 
6	157	1 
6	214	1 
6	229	2 
6	352	1 
6	559	1 
6	563	3 
6	578	1 
6	585	1 
6	594	2 
6	628	1 
6	824	1 
6	859	1 
6	863	2 
6	924	2 
6	938	1 
6	965	3 
6	977	1 
6	988	1 
6	1037	4 
6	1043	1 
6	1049	1 
6	1112	1 
7	45	1 
7	279	1 
7	584	1 
7	603	2 
8	19	1 
8	276	1 
8	369	1 
8	612	1 
9	170	1 
9	354	1 
10	4	2 
10	7	8 
10	19	1 
10	39	1 
10	96	1 
10	100	1 
10	136	1 
10	197	3 
10	207	1 
10	259	1 
10	950	2 
10	975	1 
10	1038	1 
10	1077	1 
11	62	1 
11	421	1 
11	702	1 
11	906	1 
11	952	1 
11	1165	1 
12	129	1 
12	150	1 
12	234	1 
12	371	2 
12	452	1 
12	969	1 
13	126	5 
13	195	1 
13	513	1 
13	700	1 
13	956	1 
13	1142	1 
14	222	9 
14	296	1 
14	702	1 
15	99	3 
15	178	1 
15	377	1 
15	458	3 
15	471	1 
15	723	1 
15	775	1 
15	814	2 
15	914	1 
15	1051	1 
15	1089	1 
15	1107	1 
16	26	1 
16	42	1 
16	77	2 
16	85	1 
16	87	4 
16	204	1 
16	230	2 
16	280	2 
16	358	2 
16	363	1 
16	375	2 
16	409	2 
16	439	1 
16	479	1 
16	625	1 
16	669	2 
16	738	1 
16	794	1 
16	959	1 
16	1115	1 
16	1176	1 
17	20	1 
17	106	1 
17	231	1 
17	468	1 
17	675	1 
17	789	1 
17	797	1 
17	805	1 
17	852	1 
17	995	1 
18	157	2 
18	220	1 
18	230	1 
18	627	1 
18	767	1 
19	140	1 
19	440	2 
19	749	1 
19	983	1 
20	170	3 
20	230	1 
20	255	1 
20	263	6 
20	452	1 
20	539	9 
20	681	7 
20	768	1 
20	817	1 
20	1156	2 
21	228	1 
21	314	4 
21	431	1 
21	438	1 
21	442	1 
21	461	1 
21	662	1 
21	848	1 
21	861	1 
21	930	2 
21	1130	4 
22	191	1 
22	827	1 
22	860	1 
22	929	1 
23	185	2 
23	198	2 
23	255	2 
23	272	1 
23	414	1 
23	562	1 
23	625	1 
23	1045	1 
24	112	1 
24	168	2 
24	191	1 
24	660	1 
25	81	1 
25	128	3 
25	150	6 
25	246	1 
25	266	3 
25	291	4 
25	316	1 
25	384	1 
25	438	1 
25	455	2 
25	575	3 
25	635	1 
25	717	4 
25	807	2 
25	890	1 
25	1038	1 
25	1183	1 
26	34	1 
26	100	1 
26	101	5 
26	118	1 
26	220	1 
26	235	1 
26	561	1 
26	690	1 
26	1063	1 
27	6	3 
27	45	2 
27	216	1 
27	355	3 
27	400	13 
27	467	1 
27	486	1 
27	731	1 
27	747	2 
27	886	1 
28	4	1 
28	38	1 
28	45	1 
28	262	1 
28	279	1 
28	393	1 
28	399	1 
28	423	1 
28	650	2 
28	1066	1 
29	65	1 
29	98	2 
29	106	1 
29	181	1 
29	191	1 
29	209	1 
29	248	1 
29	298	20 
29	439	1 
29	451	1 
29	455	1 
29	503	1 
29	549	1 
29	799	1 
29	849	4 
29	852	1 
29	924	1 
29	937	1 
29	962	1 
29	995	1 
29	1037	1 
30	29	1 
30	89	1 
30	100	1 
30	140	3 
30	293	1 
30	342	1 
30	402	1 
30	554	1 
30	559	1 
30	613	1 
30	614	1 
30	849	1 
30	919	1 
31	65	1 
31	224	5 
31	231	4 
31	265	1 
31	476	2 
31	520	1 
31	586	1 
31	636	1 
31	715	1 
31	777	1 
32	81	1 
32	175	3 
32	955	1 
33	648	1 
33	740	1 
33	1074	1 
34	16	1 
34	24	1 
34	38	1 
34	46	1 
34	83	1 
34	115	1 
34	152	1 
34	154	1 
34	156	1 
34	175	3 
34	274	1 
34	568	5 
34	627	1 
34	717	3 
34	748	1 
34	756	1 
34	881	1 
34	884	2 
34	890	5 
34	1096	1 
35	979	1 
36	5	1 
36	127	2 
36	343	1 
36	626	1 
36	690	1 
36	741	1 
37	245	1 
37	342	1 
37	928	1 
37	980	3 
37	1025	2 
37	1074	1 
37	1121	2 
38	195	1 
38	488	2 
38	915	1 
39	45	3 
39	85	1 
39	90	1 
39	157	1 
39	204	1 
39	233	2 
39	240	2 
39	253	1 
39	359	2 
39	369	2 
39	501	1 
39	572	1 
39	586	1 
39	606	1 
39	634	1 
39	675	1 
39	684	2 
39	728	1 
39	766	1 
39	788	1 
39	836	1 
39	1124	1 
40	72	3 
40	145	1 
40	151	14 
40	175	1 
40	201	2 
40	293	5 
40	378	2 
40	453	15 
40	673	1 
40	685	2 
40	725	2 
40	795	1 
40	916	3 
40	1018	1 
40	1028	9 
41	2	1 
41	122	1 
41	584	1 
41	1114	1 
42	412	1 
42	507	10 
42	862	1 
43	415	1 
43	980	1 
43	1182	1 
44	0	2 
44	67	1 
44	74	1 
44	147	1 
44	183	1 
44	224	1 
44	683	1 
44	1058	1 
45	137	2 
45	251	1 
46	65	1 
46	224	1 
46	230	1 
47	258	1 
47	554	1 
47	618	1 
47	731	1 
48	73	3 
48	106	1 
48	129	6 
48	255	2 
48	442	1 
48	592	2 
48	632	1 
48	894	1 
48	918	1 
48	1102	3 
49	63	1 
49	100	6 
49	227	1 
49	252	1 
49	282	1 
49	294	1 
49	455	1 
49	475	1 
49	500	1 
49	528	1 
49	565	1 
49	616	1 
49	632	10 
49	857	1 
49	1091	1 
50	30	2 
50	45	1 
50	77	1 
50	81	1 
50	151	1 
50	336	6 
50	527	3 
50	564	2 
50	728	2 
50	953	1 
50	963	2 
50	997	4 
51	89	1 
51	285	2 
51	545	1 
51	549	1 
51	555	4 
51	675	1 
51	748	1 
51	781	2 
51	825	2 
51	967	1 
52	13	1 
52	608	1 
52	805	1 
53	19	2 
53	21	1 
53	355	2 
53	414	3 
53	860	1 
54	603	1 
54	789	1 
54	866	1 
54	1035	2 
55	5	2 
55	61	1 
55	224	1 
55	282	2 
55	342	16 
55	369	1 
55	547	1 
55	828	1 
55	976	1 
56	28	1 
56	169	1 
56	231	1 
56	242	1 
56	273	1 
56	315	1 
56	354	2 
56	447	1 
56	448	2 
56	619	1 
56	803	17 
56	968	1 
56	1000	2 
56	1079	11 
56	1133	1 
56	1159	7 
57	55	2 
57	193	1 
57	366	1 
57	472	1 
57	515	1 
57	727	2 
57	733	1 
57	926	1 
58	132	1 
58	213	1 
58	227	1 
58	254	1 
58	310	1 
58	317	1 
58	365	1 
58	380	1 
58	455	1 
58	468	1 
58	521	2 
58	758	1 
58	888	2 
58	894	2 
58	899	1 
58	987	1 
58	1131	1 
58	1133	1 
59	0	2 
59	7	2 
59	65	1 
59	237	1 
59	578	1 
59	850	1 
59	1075	1 
60	231	2 
60	369	1 
60	402	1 
60	537	1 
60	735	1 
60	809	1 
60	816	3 
60	1116	1 
61	76	1 
61	150	1 
61	155	2 
61	252	1 
61	284	3 
61	341	2 
61	468	1 
61	554	1 
61	991	1 
61	1129	1 
62	151	2 
62	198	3 
62	205	2 
62	256	1 
62	387	1 
62	430	1 
62	481	1 
62	881	5 
63	152	1 
63	184	2 
63	213	1 
63	838	1 
63	950	1 
63	1105	2 
64	847	1 
64	1169	1 
65	28	1 
65	38	4 
65	108	1 
65	356	2 
65	371	1 
65	488	1 
65	602	1 
66	74	1 
66	202	1 
66	430	3 
66	490	1 
66	660	3 
67	21	1 
67	303	2 
67	494	2 
67	538	1 
67	545	2 
67	625	1 
67	933	1 
67	949	3 
68	245	1 
68	246	1 
68	314	2 
68	374	1 
68	406	1 
68	514	1 
68	631	1 
68	722	1 
68	735	1 
68	755	1 
68	798	1 
68	1156	1 
69	571	1 
70	435	1 
70	555	1 
70	701	2 
70	951	2 
70	1179	3 
71	30	1 
71	124	1 
71	314	2 
71	706	2 
71	1019	2 
72	41	1 
72	131	1 
72	659	1 
72	981	1 
72	1095	1 
73	310	1 
73	442	2 
73	864	1 
73	1163	2 
74	120	1 
74	162	1 
74	230	1 
74	300	1 
74	368	3 
74	371	2 
74	382	1 
74	428	3 
74	504	1 
74	583	1 
74	610	1 
74	655	3 
74	717	2 
74	771	1 
74	778	1 
74	843	3 
74	895	1 
74	963	1 
74	1062	1 
74	1073	1 
75	197	5 
75	217	1 
75	766	1 
76	20	1 
76	38	7 
76	243	2 
76	280	1 
76	310	4 
76	314	6 
76	316	2 
76	414	1 
76	445	1 
76	468	1 
76	469	1 
76	544	1 
76	563	4 
76	748	2 
76	797	2 
76	852	1 
76	916	2 
76	945	1 
76	1027	4 
76	1059	1 
76	1126	3 
76	1188	3 
77	186	1 
77	230	1 
77	304	1 
77	409	1 
77	614	1 
78	116	1 
78	141	1 
78	142	1 
78	198	2 
78	280	2 
78	367	2 
78	634	2 
78	657	2 
78	681	1 
78	761	1 
78	770	1 
78	1002	1 
78	1128	5 
79	231	2 
79	315	1 
79	379	1 
79	634	1 
80	1012	1 
81	32	1 
81	145	1 
81	169	1 
81	203	1 
81	222	2 
81	352	1 
81	494	1 
81	947	1 
81	1003	2 
82	155	1 
82	173	5 
82	514	2 
82	733	1 
82	1169	1 
83	166	1 
83	652	1 
83	1177	5 
84	3	1 
84	11	5 
84	19	2 
84	102	2 
84	245	2 
84	277	1 
84	281	1 
84	368	1 
84	480	2 
84	780	1 
84	817	1 
84	893	1 
84	957	1 
84	968	1 
84	972	2 
84	1049	1 
85	119	1 
85	231	1 
85	303	1 
85	355	1 
85	596	1 
85	1016	1 
85	1098	1 
86	31	9 
86	172	1 
86	366	1 
86	591	1 
86	598	1 
87	61	1 
87	88	38 
87	100	9 
87	131	1 
87	154	4 
87	293	1 
87	316	1 
87	382	4 
87	384	1 
87	500	1 
87	531	2 
87	561	1 
87	609	3 
87	636	1 
87	637	1 
87	662	3 
87	675	1 
87	712	5 
87	823	2 
87	894	2 
87	995	1 
88	279	2 
88	335	3 
88	516	2 
88	767	1 
88	881	1 
89	29	1 
90	584	1 
90	660	1 
91	44	1 
91	216	1 
91	412	1 
91	1070	1 
92	55	1 
92	215	1 
92	342	5 
92	591	1 
92	711	3 
92	967	1 
92	1088	1 
93	2	2 
93	22	1 
93	124	2 
93	167	1 
93	205	1 
93	216	1 
93	248	3 
93	303	2 
93	318	1 
93	349	1 
93	355	2 
93	384	1 
93	447	1 
93	497	1 
93	575	1 
93	693	2 
93	803	2 
93	877	2 
93	931	1 
93	1005	1 
93	1062	1 
93	1149	1 
94	237	1 
94	389	2 
94	452	1 
94	527	2 
94	586	1 
94	919	3 
95	151	1 
96	4	3 
96	17	1 
96	78	1 
96	96	1 
96	254	1 
96	364	1 
96	379	1 
96	553	1 
96	777	1 
96	997	1 
96	1083	1 
97	50	1 
97	52	2 
97	170	2 
97	210	3 
97	230	1 
97	279	1 
97	303	1 
97	304	1 
97	340	1 
97	476	1 
97	524	1 
97	660	1 
97	866	3 
97	980	1 
98	221	1 
98	392	1 
98	431	1 
98	597	1 
98	690	5 
98	980	1 
98	992	1 
99	72	1 
99	106	1 
99	195	1 
99	197	3 
99	543	1 
99	659	2 
99	773	1 
99	1052	2 
99	1055	1 
99	1063	1 
100	4	2 
100	203	3 
100	359	1 
100	976	2 
101	451	11 
102	108	1 
102	192	1 
102	227	1 
102	414	1 
102	764	2 
103	38	2 
103	74	1 
103	116	1 
103	209	1 
103	221	1 
103	231	2 
103	365	1 
103	372	1 
103	405	1 
103	546	3 
103	687	1 
103	780	1 
104	168	1 
104	380	1 
104	808	1 
105	15	1 
105	731	1 
105	733	1 
105	980	2 
105	1150	1 
106	20	1 
106	47	1 
106	249	2 
106	459	1 
106	479	3 
106	555	8 
106	639	2 
106	953	3 
106	1016	2 
106	1048	3 
107	38	3 
107	169	1 
108	369	1 
108	685	1 
108	855	2 
108	986	1 
108	993	3 
108	1005	1 
109	21	2 
109	47	1 
109	259	2 
109	268	1 
109	374	1 
109	431	1 
109	473	1 
109	675	1 
109	694	1 
110	14	1 
110	314	1 
110	550	1 
110	554	1 
110	619	1 
110	644	1 
110	674	1 
111	212	2 
111	1187	1 
112	9	1 
112	165	1 
112	187	1 
112	270	1 
112	331	2 
112	365	1 
112	523	1 
112	748	1 
112	848	1 
112	988	2 
112	990	1 
113	314	2 
113	391	1 
113	939	1 
114	7	2 
114	78	1 
114	148	1 
114	221	3 
114	231	3 
114	243	1 
114	292	1 
114	382	2 
114	443	4 
114	583	1 
114	601	1 
114	836	1 
114	880	1 
115	22	1 
115	45	1 
115	102	1 
115	824	1 
116	4	1 
116	325	1 
116	685	1 
117	25	1 
117	222	1 
117	303	4 
117	494	1 
117	728	1 
117	738	4 
117	778	1 
117	971	1 
118	31	4 
118	627	1 
119	28	1 
119	314	5 
119	488	1 
119	495	1 
119	777	1 
119	790	2 
119	855	1 
119	1070	1 
120	85	1 
120	87	1 
120	112	2 
120	141	1 
120	193	1 
120	204	3 
120	217	3 
120	235	1 
120	316	10 
120	348	1 
120	353	7 
120	380	11 
120	488	1 
120	567	1 
120	581	1 
120	679	1 
120	700	1 
120	701	1 
120	708	1 
120	757	1 
120	851	3 
120	962	1 
120	991	1 
120	1179	2 
122	377	1 
122	490	1 
122	775	2 
123	7	5 
123	31	3 
123	128	1 
123	208	1 
123	280	1 
124	14	1 
124	249	1 
124	383	2 
124	953	2 
125	197	1 
125	286	1 
125	615	1 
125	639	1 
125	989	2 
126	31	4 
126	337	1 
126	423	1 
126	876	4 
126	1066	6 
126	1116	2 
127	904	1 
128	31	2 
128	936	1 
129	20	1 
129	303	1 
129	351	1 
129	405	1 
129	447	1 
129	895	6 
129	950	2 
129	1159	1 
130	249	1 
130	277	1 
131	47	1 
131	374	1 
131	799	1 
131	1088	1 
131	1164	1 
132	38	6 
132	372	1 
132	1007	1 
132	1080	2 
133	4	6 
133	120	1 
133	255	1 
133	424	1 
133	491	1 
133	797	1 
133	817	1 
133	855	1 
133	976	18 
134	45	2 
134	100	1 
134	198	1 
134	216	1 
134	230	1 
134	487	1 
134	607	2 
134	636	1 
134	758	1 
134	843	3 
134	1133	1 
135	140	1 
135	693	1 
135	960	1 
136	280	2 
136	768	1 
137	30	2 
137	116	1 
137	199	5 
137	255	1 
137	293	1 
137	303	3 
137	953	1 
137	1047	2 
138	17	1 
138	249	1 
138	469	1 
138	797	3 
139	183	2 
139	363	1 
140	12	2 
140	91	1 
140	154	2 
140	207	3 
140	217	1 
140	245	1 
140	280	2 
140	305	1 
140	352	29 
140	391	1 
140	709	2 
140	855	3 
140	1015	1 
140	1029	4 
140	1090	1 
141	52	1 
141	60	4 
141	78	2 
141	250	2 
141	311	1 
141	314	1 
141	315	1 
141	351	2 
141	424	1 
141	438	1 
141	687	2 
141	695	1 
141	741	2 
141	880	1 
141	936	1 
141	955	1 
141	983	2 
141	1021	1 
141	1117	1 
142	285	1 
142	465	1 
142	497	1 
142	517	1 
142	904	1 
143	16	2 
143	150	2 
143	199	1 
143	229	1 
143	285	2 
143	336	1 
143	356	1 
143	442	1 
143	444	1 
143	451	2 
143	459	1 
143	470	1 
143	474	1 
143	481	10 
143	567	1 
143	585	1 
143	595	1 
143	601	1 
143	638	1 
143	687	1 
143	691	1 
143	708	1 
143	742	2 
143	783	2 
143	866	1 
143	1077	1 
143	1186	9 
144	362	1 
145	660	1 
145	781	1 
145	977	1 
146	4	3 
146	231	1 
146	280	1 
146	355	1 
147	170	1 
147	254	1 
147	336	2 
147	659	3 
147	949	2 
147	1070	1 
147	1117	1 
147	1120	1 
148	21	1 
148	199	1 
148	224	1 
148	675	1 
149	185	1 
149	293	2 
149	342	2 
149	436	1 
149	500	1 
149	881	3 
149	1092	1 
150	7	2 
150	145	1 
150	183	2 
150	206	1 
150	336	1 
150	624	4 
151	117	1 
151	168	1 
151	266	1 
151	341	1 
151	355	1 
151	437	2 
151	491	1 
151	665	1 
151	1125	1 
152	215	1 
152	262	1 
152	943	1 
153	7	6 
153	91	2 
153	216	1 
153	424	1 
153	657	2 
153	709	2 
153	780	1 
153	1058	1 
154	6	2 
154	48	1 
154	157	1 
154	162	1 
154	349	1 
154	452	3 
154	780	1 
154	888	1 
154	894	1 
154	928	1 
154	1188	1 
155	42	2 
155	87	1 
155	119	1 
155	157	4 
155	221	1 
155	242	1 
155	336	2 
155	482	2 
155	486	1 
155	488	1 
155	536	1 
155	636	1 
155	659	2 
155	735	3 
155	767	1 
155	1045	1 
155	1072	1 
155	1183	2 
156	44	1 
156	293	3 
156	559	1 
156	592	1 
156	657	1 
157	276	1 
158	783	2 
158	874	1 
158	883	1 
158	1180	2 
159	48	2 
159	137	3 
159	160	1 
159	165	1 
159	456	1 
159	618	1 
159	1009	4 
159	1041	1 
160	9	2 
160	22	4 
160	163	1 
160	293	1 
160	350	1 
160	730	1 
160	873	1 
160	901	1 
160	963	1 
160	1048	1 
160	1054	1 
160	1117	1 
161	234	1 
162	45	1 
162	476	1 
162	719	1 
162	812	1 
164	28	1 
164	503	1 
164	613	1 
164	1136	1 
165	248	1 
165	280	1 
165	845	1 
166	14	1 
166	30	4 
166	51	2 
166	170	1 
166	204	33 
166	380	1 
166	486	1 
166	584	1 
166	588	1 
166	758	1 
166	797	1 
166	802	1 
166	855	2 
166	905	1 
167	161	1 
167	426	1 
167	561	2 
167	635	1 
167	648	2 
167	650	2 
167	840	1 
167	943	1 
167	996	1 
167	1098	1 
168	79	2 
168	293	3 
169	38	2 
169	151	4 
169	205	2 
169	365	1 
169	679	1 
169	950	7 
169	1124	1 
170	7	2 
170	941	1 
171	31	2 
171	96	2 
171	239	1 
172	382	1 
173	35	2 
173	52	3 
173	76	1 
173	94	1 
173	108	1 
173	140	2 
173	199	1 
173	201	1 
173	290	1 
173	315	2 
173	353	1 
173	387	1 
173	452	1 
173	456	1 
173	459	10 
173	511	1 
173	514	2 
173	753	1 
173	919	1 
173	944	1 
173	1104	1 
173	1157	1 
174	52	14 
174	84	1 
174	170	1 
174	242	1 
174	249	4 
174	302	1 
174	385	1 
174	472	2 
174	619	2 
174	620	1 
174	719	1 
174	846	1 
174	862	1 
174	1136	1 
175	619	1 
175	698	1 
175	799	1 
175	802	1 
175	993	2 
176	17	1 
176	21	2 
176	32	2 
176	33	2 
176	45	2 
176	68	2 
176	108	1 
176	131	2 
176	167	1 
176	191	3 
176	222	2 
176	268	5 
176	291	5 
176	364	1 
176	384	1 
176	410	2 
176	449	4 
176	457	1 
176	461	3 
176	586	1 
176	627	1 
176	681	1 
176	685	4 
176	738	2 
176	752	1 
176	840	1 
176	887	1 
176	955	2 
176	959	1 
176	1053	2 
176	1087	2 
177	33	1 
177	45	1 
177	76	1 
177	81	1 
177	84	2 
177	91	6 
177	97	2 
177	303	3 
177	304	1 
177	342	1 
177	501	1 
177	627	2 
178	881	1 
178	1055	1 
178	1129	1 
179	142	1 
179	272	1 
179	314	1 
179	369	2 
179	760	1 
179	827	1 
179	900	1 
180	800	1 
180	893	2 
180	1050	1 
181	224	2 
181	468	1 
181	625	1 
181	741	2 
181	855	4 
181	862	1 
181	1159	1 
182	31	9 
182	173	4 
182	369	1 
182	374	1 
182	876	3 
182	1021	4 
182	1071	1 
183	41	2 
183	213	2 
183	231	1 
183	543	1 
183	782	1 
184	3	2 
184	7	5 
184	30	6 
184	65	2 
184	122	2 
184	145	1 
184	160	3 
184	225	2 
184	233	1 
184	300	1 
184	632	1 
184	724	1 
184	953	10 
184	1054	1 
184	1129	1 
184	1167	1 
185	218	2 
185	385	1 
185	591	1 
185	621	1 
185	690	1 
185	713	3 
185	786	1 
185	834	1 
185	1071	8 
186	79	1 
186	140	1 
186	175	1 
186	334	1 
186	369	1 
186	522	1 
186	730	1 
186	802	1 
186	1173	1 
187	285	2 
187	293	13 
187	895	1 
187	1084	1 
189	62	1 
189	120	2 
189	170	1 
189	199	3 
189	211	1 
189	249	6 
189	280	2 
189	318	1 
189	408	1 
189	443	2 
189	685	1 
189	797	2 
190	140	1 
190	459	2 
191	234	2 
191	508	2 
191	523	1 
191	1084	5 
192	1	1 
192	26	1 
192	186	1 
192	199	1 
192	202	1 
192	265	1 
192	293	1 
192	346	2 
192	353	1 
192	419	1 
192	468	1 
192	529	1 
192	538	1 
192	575	1 
192	594	1 
192	623	1 
192	658	1 
192	675	1 
192	778	1 
192	859	1 
192	995	1 
192	1037	1 
192	1124	1 
192	1180	1 
193	81	1 
193	124	1 
193	186	1 
193	201	1 
193	249	1 
193	281	1 
193	293	1 
193	369	1 
193	466	5 
193	497	1 
193	591	1 
193	599	1 
193	612	1 
193	691	1 
193	701	1 
193	723	1 
193	742	1 
193	783	1 
193	811	1 
193	992	1 
193	1116	1 
193	1146	1 
193	1153	1 
194	112	1 
194	141	3 
194	158	1 
194	281	3 
194	303	1 
194	420	1 
194	539	2 
194	573	1 
194	768	1 
194	965	1 
194	970	1 
194	1080	1 
194	1173	1 
195	151	1 
195	957	3 
196	7	9 
196	74	1 
196	122	1 
196	236	4 
196	329	1 
196	348	3 
196	351	1 
197	71	1 
197	182	1 
197	203	1 
197	295	1 
197	306	1 
197	351	2 
197	361	1 
197	659	1 
197	670	1 
197	796	2 
197	863	4 
197	886	1 
197	1037	1 
197	1070	1 
198	274	1 
198	349	1 
198	618	1 
198	1004	1 
199	153	1 
199	174	1 
199	264	11 
199	672	1 
199	834	1 
200	95	2 
200	132	1 
200	161	1 
200	166	2 
200	231	2 
200	284	1 
200	336	19 
200	375	1 
200	425	1 
200	492	2 
200	538	1 
200	610	1 
200	627	2 
200	739	2 
200	952	1 
200	1038	1 
200	1040	1 
200	1069	1 
200	1080	2 
201	109	1 
201	399	2 
201	407	1 
202	296	1 
202	359	1 
202	400	1 
202	489	1 
202	490	1 
202	561	1 
202	739	1 
202	860	1 
202	946	1 
203	87	1 
203	89	3 
203	124	3 
203	184	1 
203	279	1 
203	291	1 
203	454	4 
203	475	1 
203	693	2 
203	824	1 
203	844	1 
203	853	2 
203	855	3 
203	911	1 
203	948	1 
203	1111	1 
204	72	1 
204	122	1 
204	230	1 
204	237	1 
204	339	1 
204	509	1 
204	630	1 
204	701	2 
204	783	1 
204	851	1 
204	862	1 
204	922	1 
204	1070	1 
205	7	3 
205	201	3 
205	365	2 
205	613	2 
205	762	1 
205	768	6 
205	827	1 
205	1021	2 
205	1162	1 
206	583	1 
206	650	1 
207	67	5 
207	85	1 
207	89	1 
207	107	1 
207	329	1 
207	348	2 
207	474	2 
207	520	1 
207	687	1 
207	797	1 
207	890	1 
207	1021	1 
207	1037	1 
208	69	1 
208	251	3 
208	367	1 
208	541	1 
209	43	1 
209	141	1 
209	209	1 
209	266	1 
209	293	2 
209	438	2 
209	449	4 
209	544	1 
209	555	1 
209	568	2 
209	592	1 
209	810	1 
209	949	2 
209	1018	1 
209	1080	1 
210	17	1 
210	72	1 
210	86	1 
210	142	1 
210	181	6 
210	249	1 
210	403	1 
210	487	3 
210	682	1 
210	695	1 
211	107	2 
211	449	1 
211	468	1 
211	517	1 
211	567	1 
211	638	1 
211	936	1 
211	946	1 
212	72	2 
212	281	1 
212	725	2 
212	1006	2 
213	497	7 
213	747	1 
214	35	1 
214	61	1 
214	112	3 
214	221	11 
214	230	3 
214	314	1 
214	325	1 
214	371	1 
214	532	1 
214	550	1 
214	573	1 
214	601	1 
214	675	1 
214	782	1 
214	789	1 
214	792	1 
214	893	4 
214	895	1 
214	918	2 
215	31	3 
215	125	3 
215	254	1 
215	286	1 
215	310	1 
215	318	2 
215	420	2 
215	631	1 
215	911	2 
215	1154	1 
216	10	2 
216	102	1 
216	258	1 
216	321	1 
216	656	1 
216	689	2 
216	695	1 
216	746	1 
216	798	1 
216	818	2 
216	1060	5 
217	453	1 
217	557	1 
218	45	1 
218	69	1 
218	97	1 
218	230	1 
218	276	1 
218	471	1 
218	547	1 
218	569	1 
218	608	1 
218	847	5 
218	898	5 
218	984	1 
219	117	1 
219	378	3 
219	750	2 
219	946	1 
220	492	1 
220	582	1 
220	706	1 
220	1016	1 
220	1079	1 
220	1128	1 
221	16	1 
221	26	1 
221	140	1 
221	177	1 
221	183	1 
221	280	1 
221	336	1 
221	337	1 
221	343	1 
221	573	1 
221	627	1 
221	635	1 
221	689	1 
221	730	1 
222	246	1 
222	580	2 
222	719	5 
222	953	1 
223	202	1 
223	233	4 
223	661	1 
223	982	1 
224	94	1 
224	155	2 
224	186	1 
224	190	4 
224	242	3 
224	245	2 
224	282	1 
224	355	2 
224	570	1 
224	651	4 
224	703	26 
224	712	5 
224	883	1 
224	884	2 
225	84	1 
225	203	2 
225	425	1 
225	812	1 
225	879	1 
226	411	1 
226	437	1 
226	453	1 
226	768	1 
226	1087	1 
227	265	4 
227	285	1 
227	667	1 
227	1040	1 
227	1120	1 
228	7	2 
228	83	1 
228	242	1 
229	7	2 
229	45	4 
229	78	3 
229	89	1 
229	94	1 
229	106	2 
229	148	2 
229	155	3 
229	186	2 
229	199	1 
229	221	3 
229	248	1 
229	289	3 
229	350	1 
229	393	1 
229	395	4 
229	554	1 
229	613	2 
229	716	1 
229	743	1 
229	777	1 
229	799	2 
229	818	1 
229	909	1 
229	1009	7 
229	1024	1 
229	1026	1 
229	1039	1 
230	31	6 
230	100	1 
230	140	35 
230	142	1 
230	261	1 
230	353	1 
230	479	4 
230	588	1 
230	767	1 
230	862	6 
231	16	1 
231	57	1 
231	78	1 
231	531	1 
231	557	1 
231	573	1 
231	650	1 
231	789	1 
231	825	1 
232	233	1 
232	280	1 
232	282	2 
232	894	1 
232	1131	1 
233	98	1 
233	213	1 
233	285	1 
233	286	2 
233	307	2 
233	346	1 
233	353	1 
233	399	1 
233	587	1 
233	630	1 
233	636	1 
233	675	1 
233	779	1 
233	867	1 
233	1070	1 
233	1093	1 
233	1097	1 
233	1116	1 
234	509	1 
234	919	1 
234	1112	1 
235	32	1 
235	766	1 
235	873	1 
236	19	1 
236	72	2 
236	78	1 
236	100	1 
236	150	5 
236	179	1 
236	281	1 
236	284	1 
236	294	1 
236	300	1 
236	302	1 
236	317	1 
236	384	1 
236	396	6 
236	420	1 
236	453	2 
236	481	1 
236	539	1 
236	609	1 
236	779	1 
236	888	1 
236	1002	1 
236	1147	1 
236	1170	3 
237	52	1 
237	78	2 
237	140	1 
237	145	1 
237	197	3 
237	237	1 
237	1072	2 
238	34	1 
238	41	4 
238	97	1 
238	421	1 
238	740	2 
238	930	1 
239	32	1 
239	520	1 
239	906	1 
240	3	2 
240	7	7 
240	98	6 
240	102	2 
240	183	4 
240	285	1 
240	304	1 
240	421	15 
240	438	1 
240	540	1 
240	778	1 
240	935	4 
241	159	3 
241	231	1 
241	299	2 
241	451	2 
241	878	2 
242	22	1 
242	131	1 
242	249	1 
242	336	2 
242	742	1 
242	829	16 
244	31	1 
244	164	1 
244	399	1 
244	591	1 
244	605	2 
244	664	1 
244	978	1 
244	1103	1 
245	571	1 
245	606	1 
245	1021	1 
245	1168	1 
246	90	1 
247	126	1 
247	322	1 
247	343	2 
247	587	1 
247	626	1 
247	820	1 
247	841	2 
247	858	2 
247	903	1 
247	943	1 
247	1068	1 
247	1150	1 
247	1168	1 
248	315	1 
248	388	1 
248	453	4 
248	673	1 
248	1065	3 
249	78	1 
249	105	1 
249	140	5 
249	246	1 
249	279	3 
249	293	1 
249	314	2 
249	397	1 
249	537	1 
249	627	2 
249	836	1 
249	1026	1 
249	1075	1 
250	56	1 
250	230	1 
250	674	1 
251	59	4 
251	119	1 
251	137	1 
251	191	2 
251	280	4 
251	337	2 
251	451	1 
251	475	1 
251	479	3 
251	527	1 
251	685	1 
251	841	1 
251	1046	1 
251	1062	1 
252	22	4 
252	693	1 
252	981	1 
253	100	1 
253	154	1 
253	527	2 
253	665	1 
253	790	1 
253	821	4 
254	31	3 
254	231	3 
255	1145	1 
255	1185	1 
256	3	2 
256	105	1 
256	137	1 
256	186	1 
256	201	1 
256	248	1 
256	374	1 
256	433	1 
256	442	2 
256	541	1 
256	675	1 
256	685	1 
256	695	1 
256	889	1 
256	1047	5 
257	253	1 
257	788	1 
257	936	1 
257	983	1 
258	73	3 
258	186	1 
258	209	1 
258	265	1 
258	271	1 
258	316	2 
258	355	1 
258	429	1 
258	437	1 
258	666	2 
258	749	9 
258	790	2 
258	881	1 
258	1144	1 
259	7	4 
259	30	1 
259	137	1 
259	309	1 
259	389	1 
259	430	1 
259	580	2 
259	603	2 
259	613	4 
259	650	1 
259	866	2 
260	74	1 
260	85	2 
260	954	1 
261	75	1 
261	106	1 
261	183	2 
261	506	3 
261	634	1 
261	1061	1 
262	54	1 
262	775	1 
262	784	2 
262	962	1 
263	431	1 
264	19	1 
264	535	1 
264	782	1 
265	369	1 
265	777	1 
265	996	1 
266	7	4 
266	107	1 
266	396	1 
266	424	1 
267	5	3 
267	264	2 
267	627	1 
267	847	4 
268	19	2 
268	86	1 
268	104	1 
268	140	1 
268	282	1 
268	382	1 
268	525	1 
268	629	1 
268	684	1 
268	870	1 
268	910	1 
268	915	1 
268	1024	1 
268	1034	2 
268	1168	1 
269	62	2 
269	157	1 
269	278	1 
269	282	3 
269	534	1 
269	546	4 
269	586	1 
269	934	2 
269	1085	1 
270	528	1 
271	27	3 
271	195	1 
271	652	1 
272	358	1 
272	984	1 
273	64	1 
273	183	3 
273	290	1 
273	397	1 
273	820	1 
273	828	2 
273	910	1 
273	956	1 
273	1029	1 
273	1148	5 
273	1184	2 
274	394	1 
274	1021	4 
275	152	2 
275	191	1 
275	242	1 
275	282	1 
275	300	1 
275	309	1 
275	317	1 
275	480	1 
275	549	1 
275	588	1 
275	695	1 
275	748	1 
275	954	1 
276	1	1 
276	183	2 
276	310	1 
276	355	2 
276	424	1 
276	585	1 
276	665	1 
276	789	1 
276	990	1 
276	1000	1 
276	1037	1 
277	14	2 
277	31	10 
277	113	1 
277	167	2 
277	217	2 
277	231	8 
277	244	1 
277	285	2 
277	286	9 
277	418	1 
277	423	1 
277	469	1 
277	481	5 
277	531	4 
277	543	1 
277	585	1 
277	638	8 
277	642	1 
277	667	1 
277	732	13 
277	758	7 
277	765	1 
277	841	1 
277	848	2 
277	863	4 
277	918	1 
277	977	2 
278	461	1 
278	483	1 
278	590	3 
278	875	1 
278	937	1 
278	1153	74 
279	969	1 
280	183	2 
280	342	1 
280	451	4 
280	826	2 
280	878	2 
281	74	1 
281	175	1 
281	224	1 
281	267	1 
281	268	4 
281	279	1 
281	282	1 
281	318	4 
281	340	4 
281	456	1 
281	477	1 
281	531	3 
281	555	2 
281	563	2 
281	574	2 
281	862	1 
281	894	1 
281	955	1 
281	1003	1 
283	78	2 
284	396	1 
284	481	2 
284	487	2 
284	568	1 
284	584	1 
284	691	1 
284	701	1 
284	1069	1 
285	289	1 
285	806	1 
286	244	1 
286	517	1 
287	67	2 
287	281	1 
287	380	2 
287	638	1 
287	797	1 
287	1126	1 
288	27	2 
288	212	1 
288	218	1 
288	377	4 
288	587	1 
288	775	1 
288	828	8 
289	39	1 
289	77	1 
289	327	1 
289	635	1 
289	677	1 
289	878	1 
290	354	1 
290	413	1 
290	499	1 
290	877	1 
290	994	1 
290	996	1 
290	1094	1 
291	199	1 
292	525	2 
292	598	1 
292	947	1 
293	564	5 
293	717	1 
293	797	3 
293	980	1 
294	58	1 
294	164	1 
294	378	1 
294	591	1 
294	620	1 
294	626	1 
294	814	1 
294	870	1 
294	902	2 
294	967	1 
294	1022	2 
294	1107	1 
295	140	4 
295	203	1 
295	389	1 
295	899	1 
295	1095	1 
296	554	1 
296	614	1 
297	59	1 
297	77	1 
297	106	1 
297	113	1 
297	149	1 
297	204	1 
297	561	1 
297	574	1 
297	648	3 
297	694	1 
297	983	1 
298	150	2 
298	251	1 
299	237	1 
299	285	1 
299	312	1 
299	645	1 
299	1119	1 
300	7	1 
300	46	1 
300	451	2 
300	680	1 
301	89	1 
301	105	1 
301	168	1 
301	746	1 
301	803	1 
302	96	1 
302	233	2 
302	374	2 
302	432	1 
302	518	1 
302	584	1 
302	933	1 
303	52	1 
303	80	2 
303	354	3 
303	438	1 
303	447	2 
303	490	1 
303	633	1 
303	729	2 
303	855	4 
303	862	2 
303	901	1 
303	1018	3 
304	67	1 
304	73	1 
304	89	1 
304	125	1 
304	191	1 
304	220	2 
304	285	1 
304	555	1 
304	594	3 
304	735	1 
304	873	1 
304	894	1 
304	982	1 
304	1049	1 
304	1054	1 
304	1081	1 
304	1179	1 
305	145	1 
305	199	1 
305	270	1 
305	272	1 
305	311	2 
305	363	1 
305	876	1 
306	183	2 
306	204	2 
306	224	1 
306	230	1 
306	342	4 
306	422	1 
306	490	2 
306	1141	1 
307	102	3 
307	198	1 
307	411	1 
307	451	2 
308	117	1 
308	277	1 
308	530	1 
308	554	1 
308	580	1 
308	632	1 
309	4	2 
309	7	1 
309	349	1 
309	435	1 
309	486	2 
309	1130	1 
309	1153	1 
310	45	10 
310	255	1 
310	279	7 
310	285	1 
310	314	37 
310	355	5 
310	384	14 
310	692	1 
310	701	2 
310	848	2 
311	98	1 
311	191	1 
311	315	1 
311	444	1 
311	455	1 
311	538	2 
311	944	2 
311	1177	2 
312	881	7 
312	961	1 
312	1016	10 
312	1044	1 
313	67	2 
313	76	1 
313	169	1 
313	186	1 
313	499	3 
313	925	1 
314	312	1 
314	480	2 
314	487	1 
314	905	12 
314	1105	1 
315	342	2 
315	345	1 
315	399	1 
315	493	1 
315	498	2 
315	615	1 
315	626	1 
315	854	1 
315	882	1 
315	898	1 
315	1011	1 
316	7	3 
316	21	1 
316	81	1 
316	161	1 
316	349	2 
316	665	1 
316	681	2 
316	817	1 
317	201	2 
317	361	1 
317	438	1 
317	523	1 
317	579	1 
317	645	1 
317	738	2 
317	762	1 
317	790	1 
317	825	5 
317	881	1 
317	890	1 
317	925	1 
317	1119	3 
318	30	5 
318	81	1 
318	120	2 
318	145	2 
318	182	4 
318	266	2 
318	285	1 
318	369	1 
318	499	2 
318	531	1 
318	575	4 
318	655	2 
318	660	2 
318	1059	1 
319	841	5 
319	1030	2 
319	1139	1 
320	55	1 
320	76	2 
320	128	2 
320	155	2 
320	183	6 
320	184	1 
320	225	1 
320	254	3 
320	292	1 
320	447	1 
320	475	1 
320	476	1 
320	507	8 
320	562	1 
320	563	2 
320	603	1 
320	609	2 
320	619	1 
320	674	2 
320	699	1 
320	710	1 
320	764	1 
320	827	1 
320	863	1 
320	966	1 
320	980	5 
320	992	1 
320	1017	1 
320	1028	1 
320	1090	2 
320	1104	1 
320	1151	1 
320	1173	1 
322	39	1 
322	314	27 
322	524	1 
322	675	1 
322	793	1 
322	807	1 
322	951	1 
323	121	1 
323	284	1 
323	310	3 
323	384	2 
323	497	1 
323	509	2 
323	512	8 
323	609	1 
323	842	5 
323	918	1 
323	953	1 
323	1092	1 
323	1173	1 
324	334	1 
324	468	1 
324	608	1 
324	615	1 
324	812	1 
324	1051	1 
325	140	3 
325	141	3 
325	298	1 
325	391	1 
325	559	2 
325	592	1 
325	667	1 
325	712	1 
325	797	4 
325	972	1 
325	1016	1 
325	1145	1 
326	17	1 
326	451	3 
326	539	1 
326	562	1 
326	880	1 
326	938	2 
326	968	1 
326	987	1 
326	1028	1 
327	206	1 
327	680	2 
327	778	1 
328	57	1 
328	78	1 
328	106	1 
328	231	1 
328	314	4 
328	358	1 
329	218	1 
329	239	5 
329	264	5 
329	313	1 
329	343	1 
329	377	2 
329	418	1 
329	537	1 
329	598	2 
329	608	3 
329	854	2 
329	1106	2 
329	1143	1 
330	35	1 
330	78	3 
330	87	2 
330	204	1 
330	662	1 
331	717	1 
332	61	1 
332	94	2 
332	220	1 
332	466	1 
332	520	1 
332	614	1 
332	680	1 
332	695	1 
332	767	1 
332	802	1 
332	806	1 
333	7	6 
333	97	1 
333	99	1 
333	171	1 
333	241	1 
333	322	1 
333	399	1 
333	513	1 
333	696	1 
333	775	2 
333	816	2 
333	870	1 
333	919	1 
333	1011	1 
334	72	1 
334	325	1 
334	1144	2 
335	219	1 
335	613	1 
335	649	1 
335	766	1 
335	831	1 
336	100	1 
336	237	1 
336	273	1 
336	797	1 
337	427	2 
337	727	5 
338	454	1 
338	589	1 
338	665	3 
338	670	1 
338	681	1 
338	764	1 
339	41	7 
339	204	1 
340	288	3 
340	463	1 
340	510	1 
340	897	1 
340	1015	1 
341	17	1 
341	184	1 
341	310	1 
341	365	2 
341	840	1 
341	1016	1 
341	1137	1 
342	451	1 
342	621	1 
342	773	4 
342	1027	2 
343	283	2 
343	958	1 
343	1022	1 
344	39	1 
344	159	42 
344	176	1 
344	304	1 
344	370	23 
344	845	1 
344	1034	1 
345	220	1 
345	277	2 
346	327	1 
347	250	1 
347	612	1 
347	652	7 
347	805	1 
348	32	1 
348	98	3 
348	187	1 
348	203	1 
348	214	1 
348	880	1 
349	64	1 
349	231	1 
349	784	1 
349	1171	1 
350	155	1 
350	336	1 
351	183	2 
351	289	1 
351	328	1 
351	481	1 
351	635	1 
351	784	1 
352	351	1 
352	353	1 
352	462	1 
352	524	1 
352	798	1 
352	848	1 
352	960	1 
352	1151	1 
353	231	1 
353	358	1 
353	459	1 
353	584	1 
354	38	1 
354	163	10 
354	216	1 
354	279	6 
354	1045	1 
355	38	1 
355	97	1 
355	263	1 
355	303	1 
355	803	1 
356	218	1 
356	650	1 
356	854	1 
356	913	1 
357	3	2 
357	21	1 
357	31	4 
357	60	1 
357	1030	1 
357	1066	2 
357	1171	2 
358	562	1 
358	682	1 
358	756	1 
358	934	1 
359	4	2 
359	272	3 
359	862	2 
359	953	1 
359	982	1 
360	173	1 
360	185	3 
360	224	2 
360	367	2 
360	380	1 
360	395	1 
360	475	1 
360	634	1 
360	648	1 
360	792	1 
360	880	1 
361	31	2 
361	224	1 
361	230	2 
361	308	7 
361	451	7 
361	638	1 
361	784	1 
362	339	1 
362	543	1 
362	742	4 
362	1155	11 
363	481	1 
363	1004	1 
363	1045	1 
364	94	1 
364	98	1 
364	201	1 
364	613	1 
364	638	1 
364	845	1 
364	848	1 
365	4	3 
365	89	1 
365	191	1 
365	331	2 
365	533	2 
365	601	1 
365	607	2 
365	717	1 
365	817	1 
366	186	1 
366	270	2 
366	555	1 
366	631	1 
366	668	1 
367	30	4 
367	74	1 
367	285	2 
367	579	8 
367	719	1 
367	866	1 
367	881	1 
368	196	1 
368	437	1 
368	480	2 
368	799	1 
368	946	1 
369	233	1 
369	638	1 
370	178	1 
370	405	1 
370	427	1 
370	978	1 
371	281	1 
371	894	2 
371	1095	3 
372	71	2 
372	142	1 
372	160	2 
372	279	4 
372	351	1 
372	396	2 
372	491	1 
372	755	1 
372	780	1 
372	803	1 
372	871	1 
372	982	1 
373	929	1 
374	215	2 
374	676	1 
375	46	3 
375	81	1 
375	229	5 
376	67	3 
376	79	15 
376	120	10 
376	151	1 
376	154	1 
376	211	7 
376	249	5 
376	293	1 
376	302	6 
376	311	2 
376	405	1 
376	443	2 
376	451	5 
376	495	1 
376	497	4 
376	527	1 
376	535	4 
376	545	1 
376	677	1 
376	679	1 
376	717	5 
376	878	2 
376	933	1 
376	1037	8 
377	157	2 
377	303	1 
377	342	1 
378	123	1 
378	126	1 
379	7	1 
379	358	1 
379	627	1 
380	79	6 
380	97	1 
380	151	2 
380	237	2 
380	266	2 
380	268	2 
380	272	3 
380	274	2 
380	294	3 
380	306	1 
380	481	2 
380	709	5 
380	803	6 
381	26	1 
381	183	2 
381	311	1 
381	442	1 
381	448	1 
381	741	1 
382	160	1 
382	546	1 
382	1164	1 
382	1186	1 
383	78	1 
383	270	2 
383	371	1 
383	520	1 
383	627	1 
383	657	2 
383	942	1 
383	1184	1 
384	676	2 
384	974	1 
384	980	1 
384	1011	6 
384	1161	1 
385	86	1 
385	506	4 
386	403	1 
386	676	1 
386	700	3 
386	759	2 
386	828	1 
386	841	1 
386	853	3 
386	990	1 
387	155	1 
388	7	2 
388	351	1 
388	353	1 
388	395	1 
388	466	1 
388	682	1 
388	880	1 
388	1069	1 
388	1087	1 
389	21	1 
389	1159	1 
390	27	1 
390	681	1 
390	873	1 
391	78	1 
391	89	7 
391	140	1 
391	143	3 
391	150	1 
391	154	2 
391	280	1 
391	378	1 
391	442	1 
391	460	3 
391	564	1 
391	592	2 
391	905	1 
391	1063	2 
391	1149	4 
391	1159	2 
392	7	6 
392	31	1 
392	349	1 
392	494	1 
392	553	2 
392	798	1 
392	812	1 
393	17	1 
393	33	1 
393	70	4 
393	73	1 
393	81	1 
393	98	1 
393	105	1 
393	112	2 
393	114	1 
393	162	1 
393	224	4 
393	295	2 
393	306	1 
393	320	2 
393	331	1 
393	411	1 
393	452	1 
393	531	1 
393	592	1 
393	624	1 
393	659	2 
393	674	1 
393	716	2 
393	746	1 
393	766	1 
393	799	1 
393	808	1 
393	867	2 
393	887	1 
393	937	1 
393	967	1 
393	988	2 
393	1014	1 
393	1070	1 
393	1179	1 
394	7	3 
394	30	13 
394	165	1 
394	191	2 
394	314	1 
394	410	1 
394	580	1 
394	650	1 
394	741	1 
394	1150	1 
395	23	1 
395	231	7 
395	310	1 
395	466	4 
395	497	7 
395	565	1 
395	655	4 
395	875	1 
395	880	7 
396	89	1 
396	280	1 
396	497	1 
396	1181	1 
397	19	2 
397	155	1 
397	231	1 
397	1047	1 
398	513	1 
398	639	2 
399	37	1 
399	403	1 
399	967	1 
399	992	1 
400	230	1 
400	457	2 
400	669	2 
400	808	1 
400	1069	5 
400	1070	1 
401	18	1 
401	174	1 
401	751	1 
401	763	1 
401	846	1 
401	885	7 
402	7	4 
402	101	2 
402	140	1 
402	183	1 
402	226	2 
402	230	1 
402	241	1 
402	268	1 
402	464	1 
403	48	1 
403	512	1 
403	598	1 
403	699	1 
404	7	3 
404	27	9 
404	31	11 
404	39	2 
404	369	2 
404	627	1 
404	646	1 
404	676	1 
404	782	1 
404	789	1 
404	816	1 
404	828	2 
404	885	5 
404	1117	1 
404	1158	1 
405	59	1 
405	128	1 
405	199	5 
405	280	1 
405	452	2 
405	892	1 
405	1047	3 
405	1173	1 
407	496	1 
407	690	1 
408	164	1 
408	399	1 
408	606	1 
408	626	1 
409	31	2 
409	289	1 
409	536	1 
409	662	1 
409	759	1 
410	431	1 
410	437	2 
410	831	1 
410	958	2 
410	964	1 
411	98	1 
411	314	11 
411	1003	1 
411	1037	1 
411	1163	12 
412	19	1 
412	113	2 
412	194	1 
412	201	1 
412	203	1 
412	270	1 
412	336	2 
412	351	1 
412	356	2 
412	464	1 
412	481	3 
412	495	1 
412	520	1 
412	554	1 
412	590	1 
412	674	1 
412	681	3 
413	128	3 
413	303	1 
413	415	1 
413	544	1 
414	98	1 
414	197	1 
414	282	1 
414	342	4 
414	652	1 
414	675	1 
415	11	1 
415	117	1 
415	127	2 
415	140	1 
415	440	2 
415	451	8 
415	648	8 
415	727	1 
415	912	1 
415	1032	2 
415	1155	1 
416	45	1 
416	303	1 
416	578	3 
416	798	1 
416	892	1 
417	334	1 
417	369	1 
417	455	1 
417	675	1 
417	996	1 
418	168	1 
418	209	1 
418	280	1 
418	380	1 
418	483	1 
418	616	1 
418	730	1 
419	186	1 
419	385	1 
419	554	1 
419	1068	2 
420	787	1 
421	2	14 
421	266	1 
421	288	1 
421	526	1 
421	745	1 
421	881	1 
421	950	3 
421	1017	3 
421	1043	1 
422	415	1 
422	582	2 
423	164	1 
423	238	1 
424	366	2 
424	1078	1 
425	16	1 
425	97	1 
425	252	2 
425	592	2 
425	627	2 
425	752	1 
426	45	2 
426	272	2 
426	280	1 
426	400	1 
427	14	1 
427	303	3 
427	374	1 
427	419	1 
427	527	1 
427	565	1 
427	645	2 
428	183	2 
428	245	1 
428	351	1 
428	379	1 
428	439	1 
428	455	1 
428	695	1 
428	705	1 
428	829	4 
428	998	4 
428	1100	1 
428	1112	1 
428	1182	1 
429	397	1 
429	437	1 
429	1132	1 
430	38	1 
430	65	4 
430	180	1 
430	194	1 
430	276	1 
430	334	1 
430	346	1 
430	618	2 
430	669	1 
430	675	1 
430	678	1 
430	689	1 
430	766	1 
430	802	1 
430	1031	1 
431	50	1 
431	197	3 
431	221	1 
431	273	1 
431	438	2 
431	1060	1 
431	1170	1 
432	276	2 
432	282	1 
432	405	1 
432	504	1 
433	95	1 
433	494	1 
433	555	1 
433	605	1 
433	1029	1 
434	19	2 
434	96	3 
434	337	2 
434	498	1 
434	578	1 
434	713	3 
434	956	1 
435	45	2 
435	116	1 
435	198	1 
435	268	1 
435	391	1 
435	741	1 
435	1105	1 
436	7	2 
436	170	1 
436	315	1 
436	329	1 
436	369	1 
436	480	1 
436	645	1 
436	1015	7 
437	86	1 
437	260	1 
437	529	1 
437	642	1 
437	648	1 
437	742	1 
437	868	1 
437	904	1 
437	1055	1 
438	25	1 
438	409	1 
438	1092	1 
439	1	1 
439	28	2 
439	245	1 
439	329	1 
439	1044	1 
440	0	10 
440	87	3 
440	279	2 
440	280	1 
440	348	1 
440	369	2 
440	372	1 
440	382	1 
440	391	1 
440	694	1 
442	146	3 
442	293	1 
442	580	1 
442	666	2 
442	890	2 
443	568	1 
444	140	2 
444	282	2 
444	392	1 
444	702	1 
444	978	1 
445	139	1 
445	201	9 
445	369	7 
445	415	1 
445	762	1 
445	887	2 
445	1124	15 
446	27	2 
446	31	11 
446	48	1 
446	221	1 
446	431	1 
446	627	2 
446	1071	1 
447	96	2 
447	663	1 
447	914	1 
448	157	2 
448	268	1 
448	341	1 
448	437	1 
448	773	1 
448	964	1 
449	31	2 
449	758	2 
449	847	1 
449	956	1 
450	16	1 
450	253	1 
450	301	2 
450	507	5 
450	613	2 
450	788	1 
450	797	1 
450	829	1 
450	1146	1 
450	1156	1 
451	171	1 
451	407	1 
451	606	1 
451	956	1 
451	1178	1 
452	280	1 
452	309	1 
452	334	1 
452	575	1 
452	821	1 
453	38	1 
453	103	1 
453	210	1 
453	281	1 
453	323	6 
453	330	10 
453	397	1 
453	423	2 
453	429	1 
453	528	1 
453	547	1 
453	585	1 
453	636	1 
453	697	1 
453	788	2 
453	845	2 
453	877	1 
453	911	1 
453	936	1 
453	1176	1 
454	31	7 
454	327	1 
454	381	2 
454	635	1 
454	849	12 
454	1012	12 
454	1106	1 
455	70	2 
455	284	2 
455	303	2 
455	1005	1 
456	231	7 
456	324	3 
456	512	2 
456	648	2 
457	608	1 
458	451	1 
458	791	1 
459	19	1 
459	60	1 
459	78	1 
459	96	1 
459	201	1 
459	216	1 
459	240	4 
459	409	2 
459	410	2 
459	504	2 
459	530	1 
459	656	2 
459	760	1 
459	987	1 
460	118	1 
460	478	1 
460	601	1 
460	689	1 
460	888	1 
461	44	1 
461	72	4 
461	143	1 
461	147	1 
461	334	1 
461	353	1 
461	445	1 
461	529	1 
461	726	1 
461	867	1 
461	935	1 
461	957	1 
461	1118	1 
462	254	1 
463	35	1 
463	48	4 
463	192	1 
463	197	4 
463	336	1 
463	649	1 
463	721	1 
463	895	1 
463	987	1 
463	1033	1 
463	1072	1 
463	1084	1 
464	19	1 
464	39	1 
464	155	1 
464	431	1 
464	520	1 
464	551	1 
465	28	1 
465	742	2 
465	1052	1 
466	314	3 
466	451	1 
466	580	1 
466	743	1 
467	168	1 
467	175	1 
467	798	1 
467	1130	1 
467	1159	1 
468	97	1 
468	137	2 
468	303	1 
468	655	1 
468	689	1 
468	1114	2 
469	78	1 
469	245	1 
469	279	1 
469	413	1 
469	442	1 
469	487	1 
469	554	1 
469	762	1 
469	797	9 
469	807	4 
469	822	1 
469	1004	2 
469	1005	1 
469	1033	1 
470	144	2 
470	202	1 
470	675	1 
470	692	1 
470	744	1 
470	782	1 
470	1177	1 
471	122	2 
471	1004	1 
471	1126	2 
471	1137	1 
471	1188	1 
472	83	1 
472	100	1 
472	301	1 
472	555	1 
472	563	1 
472	756	1 
472	1025	2 
473	132	5 
473	204	1 
473	249	1 
473	309	13 
473	310	1 
473	430	1 
473	449	204 
473	466	3 
473	596	1 
473	859	1 
473	919	1 
473	1055	1 
474	7	27 
474	29	1 
474	37	2 
474	61	2 
474	62	1 
474	91	1 
474	96	12 
474	106	1 
474	113	1 
474	140	1 
474	192	1 
474	200	1 
474	282	2 
474	384	1 
474	393	2 
474	398	1 
474	474	1 
474	520	1 
474	536	1 
474	658	1 
474	674	9 
474	749	2 
474	806	4 
474	1053	2 
474	1160	3 
474	1185	1 
475	7	1 
475	580	1 
475	719	4 
475	1003	1 
476	47	1 
476	58	3 
476	183	5 
476	280	1 
476	336	1 
476	337	1 
476	440	1 
476	891	1 
476	893	1 
476	1034	1 
477	4	6 
477	19	1 
477	25	1 
477	72	1 
477	151	9 
477	160	41 
477	209	1 
477	230	6 
477	350	1 
477	536	1 
477	810	2 
477	848	2 
477	1091	1 
478	52	1 
478	157	5 
478	238	1 
478	314	2 
478	434	3 
478	437	1 
478	473	1 
478	497	2 
478	586	2 
478	623	1 
478	635	1 
478	853	2 
478	942	1 
478	984	1 
478	1008	1 
478	1021	1 
478	1111	1 
478	1169	1 
479	175	1 
479	314	5 
480	94	1 
480	593	1 
480	876	6 
480	924	1 
480	1030	1 
481	206	1 
481	383	3 
481	565	1 
481	927	1 
481	952	1 
481	986	1 
481	1062	1 
482	341	2 
482	978	1 
482	980	2 
482	1022	1 
483	82	2 
483	172	1 
483	403	1 
483	513	1 
483	612	1 
483	688	1 
483	1151	1 
484	13	2 
484	944	1 
485	673	1 
485	1182	1 
486	97	1 
486	276	1 
486	374	1 
487	73	1 
487	166	1 
487	225	1 
487	314	2 
487	459	2 
487	509	1 
487	574	2 
487	790	1 
487	922	1 
488	137	1 
488	141	1 
488	263	1 
488	265	1 
488	292	1 
488	334	1 
488	336	2 
488	424	2 
488	444	1 
488	455	1 
488	585	1 
488	592	1 
488	737	1 
488	1000	1 
488	1033	1 
488	1046	1 
488	1177	1 
489	42	1 
489	72	1 
489	151	1 
489	387	1 
489	905	33 
489	1038	3 
490	41	2 
490	265	1 
490	857	1 
490	996	1 
491	1093	1 
492	7	6 
492	198	2 
492	304	1 
492	582	1 
492	642	1 
492	693	2 
492	848	1 
492	866	7 
492	871	1 
493	28	1 
493	79	1 
493	100	1 
493	211	1 
493	232	1 
493	234	2 
493	360	1 
493	497	1 
493	863	1 
494	131	1 
494	389	1 
494	415	2 
494	782	1 
495	197	2 
495	824	1 
496	31	3 
496	231	2 
496	282	2 
496	926	1 
497	27	1 
497	89	1 
497	341	1 
497	463	1 
497	479	2 
497	626	2 
497	635	1 
497	834	1 
497	854	1 
497	855	1 
497	943	1 
497	1103	1 
498	18	1 
498	86	3 
498	126	2 
498	164	1 
498	250	1 
498	251	1 
498	326	1 
498	335	2 
498	581	1 
498	612	1 
498	727	2 
498	784	1 
498	786	2 
498	956	4 
498	1139	1 
498	1187	1 
499	282	1 
499	650	1 
500	45	2 
500	451	1 
501	64	1 
501	286	1 
501	635	1 
501	663	1 
501	1063	1 
501	1150	1 
502	94	1 
502	190	1 
502	279	1 
502	292	1 
502	348	1 
502	380	1 
502	449	2 
502	531	1 
502	767	1 
502	798	1 
502	799	1 
502	827	1 
502	860	1 
502	864	1 
502	924	1 
502	1047	2 
503	131	1 
503	163	3 
503	303	2 
503	835	1 
503	1016	2 
504	31	1 
504	53	2 
504	251	1 
504	367	2 
504	403	1 
504	992	1 
505	260	1 
505	280	1 
505	489	1 
505	497	1 
505	689	1 
505	800	2 
506	413	3 
506	831	1 
507	11	2 
507	83	5 
507	91	1 
507	122	2 
507	291	2 
507	421	5 
507	449	14 
507	527	1 
507	777	3 
507	1105	3 
507	1109	1 
508	19	1 
508	90	1 
508	204	1 
508	535	2 
508	857	1 
508	1000	1 
509	7	2 
509	122	1 
509	138	2 
509	192	1 
509	311	2 
509	369	2 
509	401	1 
509	419	1 
509	423	1 
509	477	1 
509	479	1 
509	493	1 
509	780	1 
509	891	1 
510	30	1 
510	108	3 
510	157	2 
510	231	1 
510	559	1 
510	791	1 
510	1132	1 
511	7	7 
511	16	1 
511	116	2 
511	128	6 
511	170	1 
511	197	2 
511	285	11 
511	298	9 
511	382	1 
511	509	1 
511	583	1 
511	660	1 
511	1059	1 
511	1091	1 
511	1156	1 
512	12	1 
512	41	3 
512	44	1 
512	269	1 
512	314	1 
512	395	1 
512	423	1 
512	437	1 
512	475	1 
512	586	1 
512	648	1 
512	720	1 
512	806	2 
512	819	1 
512	836	1 
512	1008	1 
513	25	1 
513	192	1 
513	200	1 
513	276	1 
513	329	1 
513	369	2 
513	486	7 
513	533	1 
513	545	1 
513	692	1 
513	927	1 
513	1048	1 
514	38	1 
514	45	2 
514	51	1 
514	220	3 
514	278	1 
514	479	1 
514	804	1 
514	824	1 
514	867	1 
514	1010	2 
515	345	1 
515	615	1 
515	723	1 
515	942	1 
515	956	3 
515	975	1 
516	23	5 
516	443	2 
516	451	5 
516	554	1 
516	648	1 
517	137	1 
517	314	5 
517	347	1 
517	1109	1 
518	83	1 
518	98	1 
518	421	1 
518	457	1 
518	729	1 
518	737	1 
518	752	1 
518	797	1 
518	802	1 
518	924	1 
518	996	1 
519	5	1 
519	36	1 
519	157	1 
519	216	1 
519	382	1 
519	517	1 
519	626	1 
519	841	1 
519	891	1 
519	1032	2 
519	1172	1 
519	1187	1 
520	7	1 
520	222	1 
521	67	2 
521	186	1 
521	229	3 
521	428	1 
521	559	1 
521	794	2 
521	807	1 
522	2	1 
522	255	1 
522	276	1 
522	781	1 
522	894	3 
522	897	5 
523	101	1 
523	376	1 
523	517	1 
523	595	2 
523	1135	1 
524	226	1 
525	10	1 
525	1072	1 
526	28	1 
526	77	1 
526	287	2 
526	295	1 
526	495	1 
526	574	1 
526	613	1 
526	695	1 
526	786	9 
526	1043	1 
526	1068	1 
527	7	2 
527	19	1 
527	395	1 
527	461	1 
527	614	2 
528	19	1 
528	912	1 
529	191	1 
529	342	1 
529	374	1 
529	527	1 
530	329	4 
530	369	1 
530	538	1 
530	613	1 
530	1153	16 
531	5	1 
531	52	19 
531	98	8 
531	125	1 
531	128	3 
531	155	1 
531	157	1 
531	258	1 
531	308	11 
531	334	2 
531	380	3 
531	396	3 
531	449	1 
531	457	6 
531	469	1 
531	555	2 
531	581	1 
531	588	1 
531	624	1 
531	627	2 
531	634	1 
531	777	3 
531	911	1 
531	1098	1 
532	155	1 
532	211	1 
532	220	1 
532	430	1 
532	452	2 
532	600	1 
532	857	1 
532	863	3 
532	884	1 
532	1073	1 
533	9	1 
533	26	1 
533	89	1 
533	177	1 
533	196	1 
533	199	1 
533	204	2 
533	235	1 
533	279	1 
533	293	1 
533	337	1 
533	394	2 
533	399	1 
533	452	1 
533	468	1 
533	483	1 
533	613	1 
533	799	1 
533	902	2 
533	979	1 
533	1077	1 
533	1132	1 
533	1142	2 
533	1146	1 
534	128	1 
534	355	2 
534	365	1 
535	89	1 
535	277	2 
535	361	1 
535	390	1 
535	892	2 
535	1113	2 
536	31	6 
536	261	1 
536	270	1 
536	572	2 
536	578	1 
536	751	1 
536	857	2 
536	952	1 
536	963	1 
536	1080	2 
537	45	2 
537	741	1 
538	7	1 
538	30	1 
538	194	1 
538	202	1 
538	526	1 
538	748	1 
538	803	1 
538	1062	1 
539	79	2 
539	118	1 
539	229	9 
539	433	2 
539	600	1 
539	625	2 
539	808	2 
540	41	8 
540	141	1 
540	451	4 
540	648	2 
540	1050	2 
541	266	4 
541	396	3 
541	580	1 
541	833	1 
541	1166	1 
542	399	1 
542	515	1 
542	587	1 
542	870	1 
542	1097	1 
543	80	1 
543	86	1 
543	606	1 
544	21	1 
544	280	1 
544	372	1 
544	644	1 
544	669	1 
544	794	1 
544	908	1 
544	963	1 
545	7	2 
545	203	1 
545	329	2 
545	1084	1 
545	1160	1 
546	100	1 
546	155	1 
546	249	1 
546	329	3 
546	430	31 
546	638	1 
546	797	1 
547	0	1 
547	106	1 
547	191	4 
547	209	1 
547	279	1 
547	619	1 
547	781	1 
547	852	1 
547	883	1 
548	31	2 
548	75	1 
548	700	1 
549	149	1 
549	220	1 
549	279	1 
549	378	2 
549	395	1 
549	530	1 
549	644	1 
550	678	1 
551	7	1 
551	129	1 
551	701	1 
551	768	1 
551	988	3 
552	230	1 
552	505	1 
552	689	1 
552	972	1 
553	19	1 
553	155	1 
554	12	1 
554	52	6 
554	72	1 
554	128	2 
554	462	1 
555	84	2 
555	151	1 
555	365	8 
555	455	1 
555	462	1 
556	45	2 
556	253	1 
556	257	1 
556	277	1 
556	545	1 
556	555	1 
556	568	2 
556	848	3 
556	1007	1 
556	1037	1 
557	342	1 
557	403	1 
557	493	1 
557	733	1 
558	35	1 
558	111	1 
558	138	2 
558	140	1 
558	230	1 
558	282	1 
558	329	1 
558	334	1 
558	417	1 
558	483	1 
558	590	14 
558	623	1 
558	725	4 
558	805	1 
558	916	6 
558	944	1 
558	992	2 
558	1007	1 
558	1034	1 
559	128	1 
559	748	1 
559	785	1 
559	822	1 
560	53	2 
560	159	1 
560	173	2 
560	287	1 
560	727	1 
560	794	1 
560	1088	1 
561	343	1 
561	820	1 
562	7	1 
562	22	1 
562	28	1 
562	31	1 
562	161	1 
562	224	1 
562	289	3 
562	314	5 
562	338	3 
562	396	8 
562	435	1 
562	485	1 
562	554	1 
562	576	1 
562	578	2 
562	748	1 
562	905	152 
562	908	1 
562	1028	15 
563	1106	2 
564	848	3 
564	1126	1 
565	9	1 
565	128	5 
565	157	4 
565	274	3 
565	315	2 
565	334	1 
565	456	1 
565	523	3 
565	553	11 
565	656	1 
565	911	1 
565	950	5 
565	1102	1 
565	1146	1 
566	75	1 
566	631	1 
567	282	2 
567	1115	1 
568	204	1 
568	665	1 
568	675	1 
568	766	1 
568	772	1 
568	789	1 
568	803	1 
568	842	1 
569	45	1 
569	224	1 
569	368	1 
569	924	1 
570	191	1 
570	280	2 
570	862	1 
571	270	1 
571	980	1 
572	306	1 
572	316	2 
572	336	1 
572	486	1 
572	739	1 
572	748	1 
572	797	2 
572	1174	1 
573	347	1 
573	425	1 
574	26	1 
574	38	3 
574	41	1 
574	81	1 
574	125	1 
574	140	1 
574	167	2 
574	217	1 
574	231	2 
574	234	1 
574	315	2 
574	351	1 
574	438	19 
574	499	1 
574	522	1 
574	692	1 
574	768	1 
574	894	1 
574	931	1 
574	961	2 
574	1077	4 
575	657	1 
575	922	2 
575	1012	1 
576	157	7 
576	280	1 
576	350	1 
576	378	7 
576	464	1 
577	7	2 
577	168	1 
577	181	8 
577	206	1 
577	632	2 
577	719	1 
578	342	5 
578	378	1 
578	853	1 
578	1086	1 
579	880	1 
580	175	1 
580	442	4 
580	522	1 
580	565	1 
580	605	1 
580	862	1 
580	884	3 
580	953	1 
580	969	1 
580	1014	1 
580	1166	1 
581	31	1 
581	180	1 
581	1116	1 
582	127	2 
582	342	7 
582	648	1 
583	280	1 
583	304	1 
584	0	1 
584	183	4 
584	337	3 
584	369	2 
584	571	27 
584	586	2 
584	637	4 
584	653	5 
584	942	1 
584	944	1 
585	38	2 
585	107	1 
585	285	2 
585	390	1 
585	563	1 
585	971	1 
585	1016	1 
586	862	2 
586	881	1 
587	70	1 
587	332	1 
587	633	2 
587	1100	1 
588	5	1 
588	608	1 
588	726	2 
588	727	2 
588	773	1 
588	816	1 
589	643	1 
589	835	1 
590	423	1 
590	535	1 
590	837	1 
590	902	1 
591	47	1 
592	3	1 
592	28	5 
592	52	2 
592	74	1 
592	257	1 
592	961	1 
592	1027	1 
593	155	2 
593	157	1 
593	382	5 
593	641	2 
594	506	1 
595	223	1 
595	234	1 
595	277	1 
595	293	1 
595	314	3 
595	352	4 
595	447	17 
595	538	1 
595	950	1 
595	1123	1 
596	316	4 
596	406	1 
597	73	1 
597	419	1 
597	481	1 
597	824	1 
597	901	1 
597	960	2 
598	72	2 
598	454	1 
598	695	1 
598	714	1 
599	294	1 
599	314	1 
599	687	1 
599	823	1 
599	1003	1 
599	1147	1 
600	72	1 
600	298	6 
600	320	1 
600	613	1 
600	667	7 
600	881	1 
601	54	1 
601	108	1 
601	327	1 
602	255	2 
602	266	1 
602	352	1 
602	559	1 
602	797	1 
602	1070	1 
602	1149	1 
603	70	1 
603	72	17 
603	405	1 
603	445	1 
603	480	25 
603	585	1 
603	1188	1 
604	534	2 
604	894	2 
604	997	1 
605	207	1 
605	255	2 
605	318	1 
605	452	1 
605	603	1 
606	157	2 
606	230	1 
606	279	1 
606	574	1 
606	637	1 
606	649	1 
606	780	1 
606	827	1 
606	922	1 
607	80	2 
608	422	1 
608	704	2 
608	1150	3 
609	2	1 
609	7	3 
609	9	1 
609	78	1 
609	201	1 
609	205	1 
609	226	4 
609	691	1 
610	95	1 
610	163	2 
610	265	1 
610	287	2 
610	297	1 
610	305	2 
610	332	1 
610	391	3 
610	442	1 
610	527	1 
610	717	1 
610	827	1 
610	969	4 
610	1062	1 
611	15	1 
611	62	1 
611	189	2 
611	286	2 
611	367	1 
611	604	1 
611	640	1 
612	500	1 
613	199	1 
613	265	1 
613	436	1 
613	437	1 
614	185	1 
614	342	3 
614	431	1 
614	451	5 
614	618	1 
614	970	1 
614	1032	2 
615	55	1 
615	513	1 
615	731	1 
615	1055	4 
616	193	6 
616	327	1 
616	407	2 
616	1187	1 
617	293	1 
618	96	1 
618	136	1 
618	415	1 
618	578	2 
618	850	1 
618	1165	1 
619	0	1 
619	31	2 
620	3	1 
620	52	44 
620	279	14 
620	287	1 
620	438	3 
620	588	1 
620	1131	1 
621	16	1 
621	19	1 
621	503	1 
621	987	1 
621	1048	1 
622	39	1 
622	841	1 
622	870	1 
622	1071	1 
622	1150	1 
623	182	1 
623	369	1 
623	438	1 
624	89	4 
624	91	1 
624	125	1 
624	186	1 
624	297	1 
624	304	1 
624	374	1 
624	419	1 
624	479	4 
624	919	1 
625	309	2 
625	797	1 
625	916	1 
626	85	1 
626	296	1 
626	367	1 
626	461	1 
626	534	1 
626	559	1 
626	604	2 
627	38	2 
627	141	1 
627	280	1 
627	428	1 
627	436	1 
628	65	1 
628	100	2 
628	142	1 
628	289	1 
628	314	2 
628	320	1 
628	355	3 
628	360	1 
628	382	1 
628	420	3 
628	526	1 
628	584	1 
628	613	1 
628	669	2 
628	807	1 
628	902	1 
628	905	5 
628	1055	3 
628	1060	1 
628	1075	1 
628	1181	1 
629	12	1 
629	46	1 
629	372	1 
629	540	2 
629	638	1 
629	722	1 
630	80	1 
630	86	1 
630	221	1 
630	690	1 
631	519	1 
631	854	1 
632	99	1 
632	344	1 
632	556	2 
632	1012	1 
633	110	1 
633	112	2 
633	129	2 
633	181	1 
633	263	2 
633	340	2 
633	451	4 
633	539	1 
633	584	1 
633	798	1 
633	877	1 
634	486	1 
634	625	1 
634	1001	1 
635	539	1 
635	551	2 
635	693	2 
635	789	2 
635	1147	1 
636	6	2 
636	128	1 
636	555	1 
636	827	2 
636	1049	1 
637	7	1 
637	47	1 
637	336	1 
637	627	1 
638	14	1 
638	129	3 
638	222	3 
638	303	2 
638	351	1 
638	455	1 
638	483	1 
638	503	1 
638	543	1 
638	716	1 
639	4	7 
639	102	3 
639	115	1 
639	252	3 
639	320	1 
639	360	3 
639	516	1 
639	575	2 
639	665	4 
639	838	1 
639	953	1 
639	974	1 
639	1042	1 
639	1060	1 
639	1125	1 
640	195	1 
640	399	1 
640	427	1 
640	519	4 
640	727	2 
640	833	1 
640	990	2 
640	1074	1 
640	1116	1 
641	180	1 
641	231	5 
641	369	1 
641	527	3 
641	669	2 
642	106	1 
642	142	1 
642	336	1 
642	494	1 
642	519	1 
642	545	3 
643	257	1 
643	314	1 
643	382	1 
643	437	1 
645	280	1 
645	634	1 
645	828	1 
646	177	1 
646	215	1 
646	262	1 
646	402	1 
646	581	1 
646	605	1 
646	608	1 
646	733	1 
646	1169	1 
647	80	9 
647	230	1 
647	422	1 
647	850	1 
648	15	1 
648	377	2 
648	989	1 
649	4	6 
649	79	1 
649	160	1 
649	187	1 
649	216	1 
649	237	1 
649	301	2 
649	410	1 
649	843	2 
649	897	1 
649	950	1 
650	55	1 
650	262	1 
650	313	3 
650	1120	1 
651	958	1 
652	717	1 
652	1110	2 
653	47	3 
653	86	2 
653	265	1 
653	307	1 
653	350	1 
653	627	1 
653	730	1 
653	795	2 
653	996	1 
654	79	1 
654	150	1 
654	370	5 
654	488	24 
654	754	1 
654	763	1 
654	800	1 
655	801	1 
656	27	2 
656	193	2 
656	246	1 
656	893	1 
656	1068	4 
657	197	2 
657	213	1 
657	290	1 
657	354	1 
657	476	2 
657	499	1 
657	1054	1 
658	196	1 
658	252	1 
658	367	2 
658	765	1 
658	884	1 
658	1049	1 
658	1088	1 
658	1135	1 
658	1156	1 
659	89	1 
659	129	2 
659	140	1 
659	186	1 
659	325	1 
659	350	2 
659	442	1 
659	732	1 
659	953	1 
659	976	2 
659	1025	2 
660	217	2 
660	460	1 
660	1043	1 
661	71	1 
661	221	1 
661	292	1 
661	330	1 
661	442	1 
661	627	1 
661	636	1 
661	681	1 
662	183	1 
662	337	1 
662	443	1 
662	490	1 
662	1051	3 
662	1056	4 
662	1143	6 
663	41	1 
663	231	8 
663	236	1 
663	508	1 
663	1029	1 
665	15	2 
665	64	1 
665	239	2 
665	801	2 
666	128	1 
666	179	1 
666	762	1 
666	777	2 
666	1004	2 
666	1079	1 
666	1154	1 
667	19	1 
667	151	4 
667	447	1 
667	451	2 
667	490	1 
667	568	2 
667	580	1 
667	844	1 
667	911	16 
667	1003	1 
668	7	2 
668	45	1 
668	155	1 
668	177	1 
668	493	1 
668	869	2 
669	101	1 
669	741	1 
669	989	1 
669	1057	1 
669	1074	1 
669	1171	14 
670	335	1 
671	326	1 
671	345	1 
671	828	1 
671	1032	1 
671	1099	1 
672	234	1 
672	355	2 
672	526	1 
672	1040	1 
673	91	1 
673	143	2 
673	186	7 
673	280	1 
673	535	5 
673	790	3 
673	959	1 
674	21	1 
674	78	1 
674	98	2 
674	118	1 
674	139	1 
674	148	2 
674	168	2 
674	221	1 
674	302	1 
674	395	1 
674	454	1 
674	482	1 
674	495	1 
674	508	1 
674	521	1 
674	654	1 
674	785	3 
674	799	1 
674	827	1 
674	972	1 
674	1045	1 
674	1053	1 
675	7	1 
675	183	1 
675	378	1 
675	621	1 
675	1071	1 
676	231	1 
676	529	1 
677	19	1 
677	31	1 
677	79	1 
677	221	1 
677	382	1 
677	639	2 
678	93	1 
678	236	2 
678	280	1 
678	375	1 
678	1083	1 
679	19	2 
679	35	3 
679	151	1 
679	265	1 
679	332	2 
679	499	1 
679	533	1 
679	568	1 
679	999	1 
680	235	2 
680	374	1 
680	835	1 
680	1152	1 
681	35	1 
681	1184	1 
682	59	1 
683	22	1 
683	221	1 
683	432	1 
683	480	1 
683	565	1 
683	857	1 
684	11	3 
684	197	1 
684	688	1 
684	702	1 
684	868	1 
684	980	2 
685	345	1 
685	402	1 
685	1150	1 
686	30	2 
686	336	1 
686	347	1 
686	797	1 
686	1006	3 
687	7	4 
687	125	6 
687	249	2 
687	303	1 
687	507	2 
687	531	3 
687	845	2 
687	894	1 
687	1179	6 
688	140	1 
688	230	1 
689	78	1 
689	100	1 
689	271	1 
689	389	1 
689	543	1 
689	976	3 
690	4	4 
690	19	1 
690	22	1 
690	303	5 
690	379	1 
690	488	2 
690	687	1 
692	52	1 
692	84	4 
692	649	1 
693	189	1 
693	683	2 
694	108	1 
694	141	2 
694	382	1 
694	1157	2 
695	135	1 
695	204	36 
695	380	1 
695	520	1 
695	563	1 
695	614	1 
695	638	1 
695	855	1 
696	38	2 
696	67	2 
696	199	4 
697	21	1 
697	93	1 
697	253	3 
697	314	1 
697	772	1 
697	1015	2 
697	1083	1 
698	157	1 
698	196	1 
698	211	1 
698	711	1 
698	884	1 
699	249	1 
699	648	2 
699	799	1 
699	802	1 
699	1146	1 
700	68	1 
700	103	1 
700	119	1 
700	161	1 
700	166	1 
700	178	1 
700	236	1 
700	243	1 
700	273	5 
700	282	1 
700	306	1 
700	351	1 
700	386	1 
700	411	1 
700	486	1 
700	491	1 
700	561	2 
700	574	1 
700	580	1 
700	592	1 
700	667	2 
700	976	4 
700	996	1 
700	1035	2 
701	126	1 
701	989	1 
702	4	1 
702	8	1 
702	96	8 
702	807	1 
702	996	1 
703	183	4 
703	543	1 
704	175	1 
704	308	29 
704	351	1 
704	352	1 
705	100	1 
705	279	1 
705	335	2 
705	511	1 
706	54	1 
706	581	2 
707	402	1 
707	472	1 
707	612	1 
707	805	1 
707	985	1 
707	1107	1 
708	86	1 
708	109	1 
708	172	1 
708	337	1 
708	401	1 
708	741	1 
709	13	1 
709	178	1 
709	327	6 
709	345	1 
709	506	6 
709	593	1 
709	759	1 
709	846	2 
709	872	1 
709	1071	2 
709	1161	1 
710	61	2 
710	230	2 
710	393	1 
710	572	1 
710	586	1 
710	857	2 
711	271	1 
711	363	1 
711	848	1 
711	862	1 
712	86	1 
712	183	3 
712	891	1 
713	81	2 
713	163	1 
713	633	1 
714	474	1 
714	501	1 
714	1025	1 
715	151	1 
716	38	1 
716	77	1 
716	116	2 
716	233	1 
716	279	1 
716	552	1 
716	616	1 
716	797	2 
716	919	2 
716	937	1 
716	1048	1 
717	81	1 
717	100	1 
717	152	1 
717	203	2 
717	209	1 
717	360	1 
717	497	3 
717	631	1 
717	661	1 
717	665	1 
717	706	2 
717	756	1 
717	1175	1 
718	4	6 
718	788	1 
718	883	1 
718	1045	2 
718	1075	1 
718	1166	1 
719	86	1 
719	612	1 
719	1034	1 
720	64	2 
720	193	1 
720	715	1 
720	846	3 
721	674	1 
721	726	1 
721	740	1 
721	880	1 
722	7	2 
722	627	1 
722	794	1 
722	919	1 
722	1096	2 
723	39	1 
723	241	1 
723	846	1 
723	1093	1 
724	643	1 
724	690	1 
724	787	1 
725	201	1 
725	520	1 
725	532	1 
725	890	1 
725	1029	1 
726	28	1 
726	32	3 
726	51	3 
726	115	2 
726	166	4 
726	249	5 
726	277	1 
726	369	1 
726	580	1 
726	758	4 
726	802	1 
726	1037	1 
727	750	1 
727	903	1 
727	974	1 
727	1086	1 
728	7	3 
728	84	1 
728	106	1 
728	161	1 
728	460	1 
728	671	1 
728	722	1 
728	855	1 
728	949	1 
728	999	1 
728	1084	1 
729	21	1 
729	96	1 
729	405	1 
729	456	1 
729	481	6 
731	221	1 
731	230	2 
731	363	1 
731	617	1 
731	689	1 
731	1075	2 
732	141	3 
732	661	1 
732	764	1 
732	825	1 
733	32	1 
733	48	1 
733	258	2 
733	324	4 
733	656	1 
734	177	2 
734	286	1 
734	402	1 
734	418	1 
735	172	1 
735	690	1 
735	753	1 
735	787	1 
736	34	2 
736	79	2 
736	137	1 
736	232	1 
736	235	1 
736	475	1 
736	855	1 
736	1114	1 
738	696	1 
738	914	1 
738	1093	1 
739	23	5 
739	282	1 
739	527	1 
739	590	1 
739	965	1 
739	1177	1 
740	40	4 
740	353	1 
740	475	1 
740	550	1 
740	853	1 
741	582	1 
741	681	1 
741	769	1 
741	1067	1 
742	49	1 
742	276	1 
742	282	1 
742	369	4 
742	433	1 
742	461	2 
743	49	1 
743	125	1 
743	242	1 
743	305	1 
744	132	1 
744	159	2 
744	594	1 
744	1074	1 
745	204	21 
745	651	1 
745	797	1 
745	863	1 
746	22	2 
746	245	1 
746	1058	1 
747	153	1 
747	603	1 
747	891	2 
747	1184	1 
748	66	1 
748	125	1 
748	412	1 
748	830	1 
749	137	2 
749	272	1 
749	280	2 
749	580	5 
749	712	1 
750	175	1 
750	219	1 
750	336	1 
750	342	1 
750	385	1 
750	451	1 
750	458	1 
750	468	3 
750	578	1 
750	587	1 
750	639	2 
750	847	1 
750	942	1 
750	1043	2 
751	246	1 
751	504	2 
752	13	1 
752	37	1 
752	82	1 
752	96	1 
752	104	1 
752	326	1 
752	602	2 
752	606	1 
752	704	1 
752	809	1 
752	1116	1 
753	72	1 
753	980	2 
754	293	1 
755	11	2 
755	38	1 
755	107	3 
755	205	3 
755	341	1 
755	748	1 
755	855	1 
755	897	1 
755	1094	1 
756	41	2 
756	197	1 
756	525	1 
756	920	1 
756	1103	1 
757	653	1 
758	7	2 
758	72	1 
758	101	1 
758	204	1 
758	335	1 
758	691	1 
759	98	1 
759	231	11 
759	279	3 
759	371	1 
759	431	1 
759	497	1 
759	656	1 
759	766	1 
759	828	1 
759	893	1 
759	1000	1 
760	38	1 
760	137	5 
760	246	1 
760	302	1 
760	311	1 
760	336	1 
760	510	1 
760	545	3 
760	706	1 
760	765	1 
760	866	1 
760	925	1 
761	338	1 
761	478	1 
761	873	2 
761	968	1 
761	1186	1 
762	447	1 
762	1144	1 
763	384	2 
763	594	1 
764	303	3 
764	982	1 
764	997	5 
764	1112	1 
765	183	1 
766	605	1 
766	787	1 
767	402	1 
767	1066	1 
768	282	6 
768	394	2 
768	603	1 
769	140	1 
769	230	1 
769	252	2 
769	279	1 
769	330	1 
769	601	1 
770	77	1 
770	127	1 
770	282	1 
770	451	1 
770	1018	1 
771	113	1 
771	140	1 
771	279	1 
771	634	1 
771	650	2 
771	698	5 
771	939	1 
771	1111	1 
772	4	1 
772	45	1 
772	551	1 
772	665	2 
772	758	1 
772	824	1 
772	884	2 
772	888	1 
772	1069	8 
772	1123	1 
773	65	1 
773	233	1 
773	351	1 
773	603	1 
774	266	1 
774	1157	2 
775	93	1 
775	301	18 
775	459	2 
775	661	1 
775	808	3 
775	949	2 
776	349	1 
776	457	1 
776	546	1 
776	650	1 
777	144	1 
777	797	1 
777	900	3 
778	1057	2 
778	1158	1 
778	1184	1 
779	58	1 
779	1140	1 
780	7	2 
780	102	1 
780	216	1 
780	277	1 
780	413	1 
780	506	8 
780	706	2 
780	854	1 
780	942	6 
781	32	1 
781	122	1 
781	135	1 
781	191	1 
781	796	1 
781	831	1 
781	941	1 
781	1163	1 
782	177	1 
782	493	4 
782	639	1 
783	286	1 
783	1099	1 
784	135	1 
784	197	4 
784	234	1 
784	354	1 
784	390	1 
784	756	1 
784	804	1 
785	35	1 
785	476	7 
785	579	1 
785	777	2 
786	75	2 
786	154	2 
786	216	1 
786	295	1 
786	430	1 
786	890	1 
786	1047	5 
787	31	4 
787	58	1 
787	92	9 
787	180	2 
788	946	1 
789	92	1 
789	101	1 
789	251	1 
789	351	1 
789	760	1 
789	1042	2 
790	197	2 
790	306	2 
790	350	1 
790	384	1 
790	549	1 
790	862	2 
791	52	1 
791	578	1 
792	311	1 
793	128	1 
793	253	8 
793	268	1 
793	429	1 
793	452	1 
793	470	1 
793	559	1 
793	630	1 
793	634	1 
793	756	1 
793	798	1 
793	855	3 
793	864	1 
793	881	2 
794	85	1 
794	329	1 
794	935	2 
795	374	1 
796	608	1 
796	854	1 
796	858	5 
797	7	2 
797	185	2 
798	956	22 
799	407	1 
799	452	1 
799	490	2 
799	858	2 
799	1057	13 
799	1148	1 
799	1171	22 
800	407	2 
800	726	1 
800	1103	1 
801	120	15 
801	131	1 
801	135	2 
801	165	1 
801	166	2 
801	237	1 
801	461	1 
801	491	2 
801	553	1 
801	589	1 
801	701	1 
801	824	18 
801	862	3 
801	1105	10 
802	78	1 
802	1072	1 
803	31	20 
804	21	1 
804	293	1 
804	988	1 
805	521	1 
805	919	1 
806	31	3 
806	186	1 
806	464	3 
806	828	1 
806	839	4 
806	860	1 
806	1106	1 
807	77	1 
807	155	4 
807	220	1 
807	282	2 
807	789	1 
807	1009	1 
807	1063	1 
808	289	2 
808	806	1 
809	326	2 
809	598	1 
809	1106	1 
810	35	3 
810	272	1 
810	424	1 
811	31	2 
811	204	1 
811	639	1 
811	884	1 
812	219	1 
812	613	1 
812	705	2 
813	7	2 
813	31	4 
813	155	2 
813	270	1 
813	345	1 
814	4	2 
814	11	1 
814	44	1 
814	314	6 
814	396	1 
814	589	1 
814	716	2 
814	1133	1 
815	89	1 
815	118	2 
815	415	2 
815	432	1 
815	535	9 
815	649	1 
815	790	1 
815	819	1 
815	1145	1 
816	101	2 
816	423	1 
816	459	1 
816	613	2 
816	638	1 
816	810	4 
816	1107	1 
816	1115	1 
817	45	1 
818	378	20 
818	484	1 
818	520	1 
818	627	2 
818	644	1 
818	688	1 
818	1036	1 
819	94	1 
819	397	1 
819	437	1 
819	759	1 
820	32	1 
820	303	4 
820	369	2 
820	534	1 
821	458	1 
821	731	2 
821	1034	1 
822	280	1 
822	520	1 
822	638	1 
823	31	1 
823	428	1 
823	540	26 
823	660	1 
824	21	1 
824	27	1 
824	94	1 
824	481	1 
824	606	1 
824	695	1 
824	704	1 
824	846	3 
824	942	1 
825	5	1 
825	92	1 
825	402	1 
826	335	4 
826	342	4 
826	403	1 
827	33	2 
827	236	24 
827	374	1 
827	452	1 
827	479	11 
827	650	1 
827	884	3 
827	894	1 
828	65	1 
828	157	2 
828	530	1 
829	462	1 
830	157	2 
830	336	1 
831	149	1 
831	378	1 
832	1068	1 
833	820	1 
834	479	1 
834	495	2 
835	75	2 
835	137	1 
835	342	2 
835	431	1 
835	1021	2 
836	31	2 
836	195	1 
836	238	1 
836	525	1 
836	696	1 
836	809	1 
836	956	1 
837	328	2 
837	443	2 
837	698	1 
838	107	1 
838	250	1 
838	339	1 
838	893	2 
839	286	1 
839	418	1 
839	763	1 
839	775	1 
839	801	1 
840	45	5 
840	220	1 
840	234	1 
840	265	1 
840	277	2 
840	314	5 
840	424	2 
840	613	2 
840	848	1 
840	1045	1 
841	532	1 
841	722	7 
842	1158	1 
843	535	7 
843	650	1 
843	747	1 
843	941	1 
843	1149	1 
844	988	1 
845	277	1 
845	351	1 
846	140	1 
846	157	3 
846	221	1 
846	279	1 
846	282	1 
846	650	1 
846	941	1 
847	660	1 
848	476	1 
848	499	2 
848	520	1 
848	890	1 
848	997	1 
850	7	1 
850	87	1 
850	157	6 
850	230	1 
850	268	1 
850	358	2 
850	395	1 
850	424	1 
850	464	3 
850	780	1 
851	181	1 
851	442	3 
851	509	1 
851	843	1 
851	955	1 
851	1077	1 
851	1128	1 
852	643	5 
852	648	17 
852	740	5 
853	10	2 
853	81	1 
853	314	1 
853	451	2 
853	476	2 
853	817	2 
853	877	6 
854	343	2 
854	450	1 
854	926	2 
854	1116	1 
855	86	1 
855	989	1 
856	80	3 
856	218	1 
856	282	3 
856	1039	1 
857	116	1 
857	489	3 
857	542	2 
858	65	1 
858	199	1 
858	237	2 
858	279	1 
858	342	5 
858	382	2 
858	586	1 
858	817	1 
858	1026	1 
858	1031	1 
858	1122	1 
859	21	1 
859	369	1 
859	475	1 
860	45	1 
860	155	2 
860	186	1 
860	252	1 
860	1046	1 
861	378	3 
862	411	1 
862	1017	2 
862	1117	1 
863	94	1 
863	392	1 
863	577	4 
863	839	2 
864	31	1 
864	89	2 
864	130	1 
864	280	1 
864	504	1 
864	527	1 
864	798	1 
864	919	1 
864	1125	1 
865	286	8 
865	506	1 
865	606	1 
865	668	2 
865	1139	2 
866	12	1 
866	607	2 
866	965	1 
867	31	6 
867	378	2 
867	1131	1 
868	30	4 
868	272	1 
870	260	1 
870	489	1 
870	648	2 
870	1063	1 
871	55	2 
871	376	1 
871	708	1 
871	978	1 
871	1135	1 
872	273	1 
872	362	1 
872	639	1 
872	817	1 
872	1064	1 
873	58	1 
873	1055	5 
874	318	2 
874	433	1 
874	443	3 
874	488	1 
874	544	1 
874	867	1 
875	467	1 
876	7	2 
876	19	1 
876	62	1 
876	322	4 
876	327	1 
876	532	1 
876	604	1 
876	1187	1 
877	155	1 
878	622	2 
879	103	1 
879	398	1 
879	523	1 
879	563	2 
880	1068	1 
881	87	1 
881	282	2 
881	295	1 
881	369	1 
881	1078	1 
882	38	5 
882	140	1 
882	282	1 
882	369	1 
882	639	3 
883	49	6 
883	59	1 
883	79	1 
883	183	1 
883	451	2 
883	675	1 
884	695	1 
884	1126	1 
885	55	1 
885	68	1 
885	555	1 
885	944	1 
886	45	1 
886	293	1 
886	329	1 
886	434	1 
886	451	1 
886	555	1 
886	568	1 
886	862	3 
887	315	1 
887	360	1 
887	512	1 
887	1047	1 
888	7	2 
888	9	1 
888	31	2 
888	314	1 
888	759	1 
888	1032	1 
889	134	1 
889	141	1 
889	356	2 
889	540	1 
889	624	5 
889	691	1 
889	788	1 
890	78	1 
890	280	1 
890	520	1 
891	92	5 
891	276	1 
892	148	1 
892	231	1 
892	282	1 
892	520	1 
892	580	1 
892	603	1 
893	479	1 
893	493	1 
893	679	1 
893	945	2 
894	345	1 
894	626	1 
894	663	2 
895	377	4 
895	577	3 
896	145	1 
896	249	1 
896	282	1 
896	293	1 
896	300	1 
897	30	1 
897	98	1 
897	137	3 
897	155	1 
897	225	2 
897	280	1 
897	613	1 
897	627	1 
897	699	1 
897	737	1 
897	892	4 
899	35	1 
899	38	3 
899	129	1 
899	231	1 
899	659	1 
899	720	1 
900	282	1 
900	606	1 
900	878	1 
901	46	1 
901	1061	1 
902	90	1 
902	462	1 
902	476	1 
902	576	1 
902	623	1 
902	832	1 
903	13	1 
903	215	1 
903	264	1 
903	399	1 
903	805	1 
904	59	1 
904	220	1 
904	265	1 
904	421	1 
904	449	1 
904	504	3 
904	665	1 
904	799	1 
904	838	1 
904	886	2 
904	935	2 
905	118	1 
905	347	1 
905	485	1 
905	535	3 
905	790	1 
906	32	4 
906	155	2 
906	282	3 
906	451	3 
906	557	1 
906	588	1 
906	716	3 
906	918	1 
907	105	2 
907	529	2 
907	697	2 
907	785	1 
908	172	1 
909	418	1 
909	626	2 
909	975	1 
909	1107	1 
910	162	1 
910	453	1 
910	531	2 
910	899	2 
910	1181	1 
911	36	1 
911	213	1 
911	757	1 
912	372	1 
912	393	1 
913	293	5 
913	296	1 
913	329	10 
913	355	1 
913	617	1 
914	359	3 
914	649	1 
914	716	1 
914	742	1 
914	753	1 
914	992	1 
915	124	1 
915	478	1 
915	589	1 
915	950	1 
915	993	1 
915	1005	1 
916	329	1 
916	756	1 
916	758	1 
917	131	1 
917	137	1 
917	272	1 
917	1079	1 
918	628	2 
919	97	1 
919	149	1 
919	342	1 
920	122	1 
920	140	2 
920	223	1 
920	384	9 
920	478	1 
920	783	1 
920	935	2 
921	7	9 
921	94	1 
921	137	2 
921	157	2 
921	371	1 
921	592	2 
921	656	1 
921	750	1 
921	799	1 
921	802	1 
921	924	1 
921	939	1 
921	951	1 
922	21	1 
922	30	1 
922	311	1 
922	346	1 
922	747	1 
922	781	1 
922	790	2 
922	862	1 
923	69	1 
923	956	2 
924	7	1 
924	93	1 
924	769	1 
925	0	2 
925	183	1 
925	472	1 
925	520	1 
925	1157	1 
926	17	1 
926	258	1 
926	520	1 
927	101	1 
927	205	1 
927	279	1 
927	451	19 
927	893	1 
928	39	1 
928	196	1 
928	378	2 
928	399	1 
928	465	1 
928	727	1 
928	791	1 
928	904	1 
929	195	1 
929	525	1 
929	809	1 
930	395	4 
930	527	1 
930	547	1 
932	19	1 
932	38	4 
932	79	3 
932	94	1 
932	141	1 
932	157	2 
932	168	3 
932	329	3 
932	575	1 
932	845	1 
932	1081	1 
933	107	1 
933	297	1 
933	369	1 
933	524	1 
933	675	1 
933	686	1 
933	1124	1 
934	753	1 
934	1034	1 
935	664	1 
935	992	1 
936	748	1 
937	4	1 
937	1073	1 
938	4	3 
938	88	1 
938	154	6 
938	242	4 
938	280	3 
938	293	1 
938	442	2 
938	770	2 
938	892	1 
938	894	2 
938	960	2 
938	1004	1 
939	170	1 
939	468	1 
939	675	1 
939	803	1 
940	7	1 
940	92	1 
940	276	1 
940	280	1 
940	335	1 
940	378	1 
940	520	1 
940	826	1 
941	89	1 
941	150	1 
941	181	2 
941	310	2 
941	424	2 
941	862	1 
941	925	1 
942	60	2 
942	113	1 
942	195	2 
942	345	1 
942	405	1 
942	464	6 
942	531	1 
942	1116	1 
943	58	1 
943	280	1 
944	578	2 
944	735	1 
945	16	1 
945	155	1 
945	224	1 
945	293	1 
945	712	1 
946	19	2 
946	636	1 
946	637	6 
946	683	1 
946	855	1 
947	72	1 
947	991	1 
948	16	1 
948	20	1 
948	59	1 
948	97	3 
948	129	2 
948	166	1 
948	175	1 
948	204	1 
948	209	1 
948	223	1 
949	101	1 
949	231	4 
949	475	1 
949	700	1 
949	814	1 
950	246	1 
950	581	1 
950	734	2 
950	876	1 
950	1111	1 
951	231	1 
951	944	1 
951	1113	1 
952	803	3 
953	277	1 
953	555	1 
953	580	1 
954	94	1 
954	96	1 
954	149	1 
954	520	1 
954	614	1 
954	910	25 
955	395	3 
955	451	1 
955	472	1 
955	506	2 
955	956	1 
956	67	1 
956	265	1 
956	293	2 
957	67	1 
957	317	1 
957	390	1 
957	919	1 
957	1000	2 
958	128	1 
958	249	2 
958	282	1 
958	311	1 
958	580	1 
958	748	1 
959	7	1 
959	504	1 
959	752	1 
960	378	5 
960	443	2 
960	606	1 
960	621	1 
960	1071	2 
961	70	1 
961	89	1 
961	162	1 
961	332	2 
961	454	1 
961	479	4 
961	499	1 
961	781	1 
961	797	1 
961	842	1 
962	568	1 
962	862	1 
963	214	1 
964	280	1 
964	340	1 
964	634	1 
965	78	1 
965	742	1 
965	768	1 
965	832	1 
965	973	2 
966	82	1 
966	96	4 
966	166	1 
966	496	4 
966	538	1 
966	605	1 
966	967	1 
967	129	1 
967	838	2 
967	1028	1 
968	488	1 
969	7	1 
969	110	1 
969	272	1 
969	481	1 
969	797	1 
969	1019	1 
969	1058	1 
970	439	2 
970	540	9 
970	716	5 
970	861	2 
970	1042	1 
971	6	1 
971	958	6 
971	1035	2 
972	27	1 
972	94	1 
972	286	1 
972	344	1 
972	898	1 
972	985	1 
972	1071	6 
973	182	1 
973	192	1 
973	1133	1 
975	13	10 
975	180	1 
976	197	2 
976	443	2 
976	490	1 
976	639	3 
977	100	1 
978	545	1 
978	1004	1 
979	481	2 
979	716	1 
979	797	1 
980	40	1 
980	93	1 
980	234	1 
980	388	1 
980	589	1 
981	1066	2 
981	1076	1 
981	1143	1 
981	1178	1 
982	30	1 
982	255	1 
982	1028	1 
982	1035	1 
983	96	1 
983	204	1 
983	282	2 
983	287	1 
983	378	1 
985	75	2 
985	423	1 
985	644	1 
986	38	1 
986	793	1 
987	94	1 
987	140	1 
987	224	2 
987	279	7 
987	638	2 
987	678	1 
989	378	3 
990	311	1 
991	96	1 
992	15	1 
992	193	1 
992	286	2 
992	841	1 
993	288	1 
993	320	2 
993	468	1 
993	779	2 
994	355	1 
994	972	1 
995	96	1 
995	183	2 
995	222	2 
995	391	1 
995	438	1 
995	657	1 
995	817	1 
996	152	1 
996	279	2 
996	395	2 
996	631	1 
996	855	2 
997	101	1 
997	155	1 
997	479	1 
997	893	1 
998	751	1 
998	980	1 
998	1096	1 
999	82	1 
999	294	1 
999	610	1 
1000	38	2 
1000	72	1 
1000	81	1 
1000	131	2 
1000	257	1 
1000	411	1 
1000	555	1 
1000	613	6 
1000	633	1 
1000	877	1 
1000	1028	1 
1001	314	3 
1001	1119	1 
1002	953	1 
1002	1023	1 
1004	12	2 
1004	45	1 
1004	62	1 
1004	314	1 
1004	980	2 
1005	157	1 
1005	211	1 
1005	245	8 
1005	279	2 
1005	316	2 
1005	336	1 
1005	452	7 
1005	497	2 
1005	508	1 
1005	582	9 
1005	866	1 
1005	897	2 
1005	931	1 
1005	965	5 
1005	1057	1 
1005	1112	1 
1006	88	10 
1006	747	2 
1006	988	5 
1006	1153	43 
1007	371	1 
1007	862	1 
1008	335	6 
1008	519	2 
1009	77	1 
1009	94	1 
1009	642	1 
1009	713	1 
1010	279	1 
1010	305	1 
1010	747	1 
1010	968	1 
1010	1065	1 
1011	854	1 
1012	157	2 
1012	221	1 
1012	293	1 
1012	1073	1 
1012	1129	1 
1013	31	2 
1013	231	6 
1013	265	1 
1013	627	1 
1013	789	1 
1013	1021	1 
1015	363	3 
1015	470	1 
1016	45	1 
1016	348	1 
1016	388	1 
1016	415	1 
1016	424	1 
1016	540	1 
1016	650	1 
1016	855	7 
1016	1064	1 
1017	251	1 
1017	657	1 
1017	675	1 
1017	727	14 
1018	643	2 
1018	958	1 
1019	203	1 
1019	896	2 
1020	28	2 
1020	132	3 
1021	231	2 
1021	315	1 
1021	796	1 
1021	862	1 
1022	10	2 
1022	137	1 
1022	231	1 
1022	336	2 
1022	374	1 
1022	462	1 
1022	681	1 
1022	817	1 
1022	993	2 
1023	602	1 
1024	23	1 
1024	207	4 
1024	451	1 
1024	481	2 
1024	494	1 
1024	530	1 
1024	1113	1 
1025	22	1 
1025	203	1 
1025	499	1 
1025	579	1 
1025	803	11 
1025	866	2 
1025	1100	1 
1026	265	5 
1026	512	1 
1026	650	1 
1026	759	1 
1027	9	1 
1027	41	3 
1027	248	1 
1027	469	1 
1027	799	1 
1027	995	1 
1028	706	2 
1028	905	4 
1029	262	1 
1029	324	4 
1029	364	1 
1029	455	1 
1030	92	1 
1030	645	1 
1031	21	1 
1031	266	1 
1031	1126	2 
1032	131	1 
1032	198	1 
1032	210	1 
1032	255	1 
1032	306	1 
1032	575	1 
1033	593	1 
1035	303	1 
1035	539	1 
1036	155	2 
1036	279	2 
1036	375	1 
1036	1031	1 
1036	1064	1 
1037	221	1 
1038	303	1 
1038	383	1 
1039	55	17 
1039	451	6 
1039	519	2 
1039	741	1 
1039	970	4 
1039	1022	2 
1040	421	1 
1040	438	1 
1040	813	2 
1040	901	1 
1041	15	2 
1041	69	1 
1041	193	2 
1041	326	1 
1041	718	1 
1041	1171	1 
1042	314	1 
1042	404	1 
1042	554	1 
1042	688	2 
1043	39	1 
1043	731	2 
1043	910	1 
1044	401	1 
1044	828	1 
1044	910	1 
1045	317	1 
1045	512	1 
1045	742	1 
1045	976	3 
1046	157	3 
1047	137	1 
1047	204	1 
1047	504	1 
1047	514	1 
1048	84	2 
1048	160	1 
1048	431	1 
1048	693	3 
1048	866	4 
1048	897	1 
1049	378	1 
1049	676	1 
1049	678	1 
1050	83	2 
1050	217	1 
1050	334	2 
1050	766	1 
1050	802	1 
1050	827	1 
1051	280	1 
1051	681	3 
1051	697	1 
1051	730	1 
1051	755	1 
1052	7	1 
1052	682	1 
1053	141	1 
1053	214	1 
1053	541	1 
1053	1006	1 
1054	78	1 
1054	206	1 
1054	383	1 
1054	831	1 
1055	204	11 
1055	703	1 
1056	399	1 
1056	943	1 
1057	28	1 
1057	58	1 
1057	854	1 
1057	989	1 
1058	48	1 
1058	90	1 
1058	471	1 
1059	7	3 
1059	112	2 
1059	124	1 
1059	481	3 
1059	1117	1 
1060	386	1 
1060	543	1 
1060	648	2 
1060	681	1 
1060	787	1 
1060	1155	1 
1061	663	1 
1061	880	1 
1062	186	2 
1062	480	1 
1062	563	1 
1063	286	3 
1063	640	1 
1064	78	1 
1064	137	3 
1064	316	1 
1064	555	1 
1064	580	1 
1064	744	1 
1065	300	1 
1066	45	1 
1066	348	1 
1066	550	1 
1066	789	1 
1066	1111	1 
1067	314	1 
1067	911	2 
1067	1060	1 
1068	14	1 
1068	594	1 
1068	997	2 
1069	30	6 
1069	231	1 
1069	589	2 
1069	950	1 
1070	35	1 
1070	314	3 
1070	549	1 
1070	863	4 
1070	925	1 
1070	1067	1 
1071	306	1 
1071	484	1 
1072	270	2 
1073	877	1 
1074	12	1 
1074	314	4 
1074	451	3 
1074	481	2 
1074	827	1 
1074	1003	1 
1074	1186	1 
1075	197	1 
1075	622	1 
1076	94	1 
1076	750	1 
1077	839	2 
1077	854	1 
1077	898	1 
1077	962	1 
1077	1071	4 
1078	327	2 
1078	337	1 
1079	34	1 
1080	21	1 
1080	356	1 
1080	449	3 
1080	630	2 
1080	848	1 
1081	270	2 
1081	311	1 
1081	747	1 
1081	941	1 
1081	1091	1 
1082	407	2 
1082	572	1 
1082	913	1 
1083	231	3 
1083	280	1 
1083	296	1 
1083	415	1 
1083	673	1 
1084	193	2 
1084	218	1 
1084	450	1 
1084	642	1 
1084	926	1 
1084	956	2 
1084	1011	1 
1084	1013	1 
1084	1139	1 
1085	399	1 
1085	820	1 
1085	943	2 
1086	956	1 
1088	80	1 
1088	125	1 
1089	191	1 
1089	221	1 
1089	1030	2 
1089	1136	1 
1091	75	1 
1091	157	1 
1091	231	5 
1091	279	2 
1091	282	7 
1091	929	2 
1092	179	1 
1092	777	2 
1093	174	1 
1093	639	6 
1093	1168	2 
1094	509	1 
1094	705	7 
1095	147	1 
1096	45	1 
1096	85	1 
1096	480	1 
1096	1063	1 
1097	27	2 
1097	212	1 
1097	327	1 
1097	759	1 
1097	847	1 
1097	878	1 
1097	1011	1 
1098	475	1 
1098	792	1 
1098	844	1 
1099	170	2 
1099	469	1 
1100	362	1 
1100	418	1 
1101	22	2 
1101	255	3 
1101	509	1 
1103	38	1 
1103	163	1 
1103	1024	1 
1104	96	1 
1104	262	1 
1104	378	5 
1104	702	1 
1104	1165	1 
1105	438	1 
1105	918	1 
1106	31	2 
1106	65	1 
1106	378	6 
1108	337	1 
1108	342	1 
1108	975	1 
1109	342	12 
1109	382	1 
1109	837	1 
1110	80	1 
1110	378	2 
1110	451	1 
1110	515	1 
1110	519	2 
1110	715	5 
1110	787	1 
1110	1074	1 
1111	74	1 
1111	174	1 
1111	885	3 
1111	1152	1 
1112	7	1 
1112	21	1 
1112	30	1 
1112	471	1 
1112	847	11 
1112	942	1 
1112	1012	2 
1113	282	1 
1113	307	1 
1113	606	2 
1113	980	1 
1114	636	1 
1115	266	1 
1115	683	1 
1115	929	1 
1116	32	1 
1116	383	1 
1116	765	1 
1117	855	2 
1118	154	1 
1118	165	1 
1119	451	2 
1119	765	1 
1119	920	1 
1120	0	1 
1120	688	1 
1120	1165	1 
1121	137	1 
1121	155	1 
1122	341	1 
1122	702	3 
1123	340	3 
1123	443	2 
1123	619	1 
1123	689	1 
1123	724	1 
1123	735	1 
1125	44	3 
1125	90	1 
1125	175	3 
1125	637	2 
1125	825	1 
1126	120	1 
1126	128	1 
1126	131	1 
1126	141	1 
1126	371	1 
1126	789	1 
1127	333	1 
1127	615	1 
1127	1143	1 
1128	64	1 
1128	249	1 
1128	846	1 
1128	883	1 
1129	306	1 
1129	1041	1 
1129	1151	1 
