437
982
1048
1056
29
184
860
65
490
592
77
413
675
1077
141
765
1045
27
80
285
858
907
1053
17
360
435
571
574
925
1094
38
599
1074
14
54
253
298
314
335
554
613
690
708
752
863
882
895
922
986
1123
1126
1129
772
811
290
666
766
790
924
994
1122
244
207
318
658
711
736
753
776
788
899
981
985
1107
1115
621
777
367
424
537
649
689
1011
91
4
69
111
177
192
288
301
308
332
410
428
448
456
497
523
570
600
612
626
635
646
647
722
732
762
780
783
816
883
927
975
997
1003
1022
1067
1106
358
630
375
55
78
168
341
320
454
480
57
75
92
110
132
194
209
218
417
441
477
495
550
568
799
814
898
958
1036
72
540
1020
498
1
153
176
180
236
242
310
328
426
457
510
542
556
633
659
710
825
859
880
933
952
983
991
1131
1134
389
455
954
7
445
546
293
312
348
484
494
594
616
709
867
874
978
43
479
516
73
174
187
265
271
307
313
340
343
370
387
438
527
538
585
587
598
655
687
702
744
821
868
905
936
998
1018
1052
1061
