84
233
303
893
543
119
165
196
216
243
284
325
356
365
395
418
506
665
678
755
916
938
953
1025
1063
1081
1124
188
286
361
425
56
131
237
334
393
436
532
617
707
850
1032
1058
45
212
123
278
281
309
476
619
724
794
191
701
934
329
429
566
698
748
1087
117
503
1015
24
493
32
200
5
37
66
71
76
81
98
103
104
126
127
135
136
143
154
169
182
198
214
235
251
274
322
327
345
346
350
353
354
355
357
374
378
396
398
419
421
432
434
461
462
500
511
513
515
525
526
544
545
548
565
596
607
614
642
651
654
669
670
674
693
714
717
718
735
741
787
789
796
810
823
826
827
843
845
854
855
862
875
876
881
908
915
930
946
949
959
962
967
977
987
995
1010
1017
1019
1021
1026
1050
1057
1064
1069
1083
1084
1096
1098
1113
1127
12
0
836
483
224
120
134
549
833
950
11
23
272
316
662
96
185
221
270
336
449
989
381
283
323
781
834
909
912
49
67
88
152
210
299
430
567
639
671
673
114
213
622
3
86
172
189
349
359
433
452
624
644
694
695
727
897
913
1044
1078
35
605
842
62
6
144
201
240
264
268
269
300
306
324
364
371
488
508
559
590
609
737
815
831
841
900
904
910
926
996
1004
1016
1059
1091
1128
31
615
160
453
504
595
773
822
1029
79
33
53
102
106
112
158
164
204
261
275
292
295
379
403
408
409
478
539
581
582
604
623
738
774
778
784
795
807
812
824
848
901
1006
1007
1039
1070
1079
1093
1103
1118
63
352
20
46
171
183
405
459
761
980
277
296
315
407
507
520
555
653
813
819
835
866
885
921
969
1042
1089
289
422
40
641
8
13
15
21
122
150
155
163
199
228
380
397
399
401
451
463
470
481
491
499
501
502
505
533
564
573
636
657
684
696
700
721
743
746
747
749
797
803
808
878
928
937
961
964
1002
1101
1116
386
238
2
60
656
725
856
61
107
146
321
394
518
610
692
742
140
241
509
640
668
712
10
22
30
108
133
137
181
197
208
227
254
282
291
305
514
528
535
575
578
629
650
697
764
805
806
818
853
864
966
988
1028
1031
1110
1114
1117
247
347
99
414
485
703
706
767
838
951
973
976
1038
1082
1108
388
93
109
248
330
331
368
450
597
691
779
402
427
466
589
660
667
720
896
252
699
391
579
739
58
553
576
376
16
36
41
156
159
170
179
193
215
220
234
249
250
256
259
266
267
273
333
372
373
382
404
460
464
512
519
534
536
551
558
620
628
631
643
645
652
664
677
713
726
740
756
758
759
770
809
839
847
849
851
861
873
879
929
956
963
972
990
1000
1008
1009
1012
1013
1047
1054
1060
1062
1071
1080
1130
1135
486
319
138
257
258
366
128
287
447
524
90
342
561
588
602
1033
74
217
113
161
222
472
688
723
792
943
1023
431
363
68
121
125
186
223
400
469
496
569
661
685
729
768
771
782
852
948
1043
1055
148
260
802
984
968
9
42
115
151
225
246
280
311
362
423
446
529
557
608
715
734
775
791
801
844
932
945
965
970
1066
1104
1111
19
48
239
442
531
731
785
872
1112
44
632
94
411
412
562
751
846
467
294
618
70
87
149
173
178
203
232
262
304
317
344
440
443
475
489
530
586
704
716
719
757
793
804
817
877
891
894
906
911
918
920
941
1041
1095
1097
1099
1100
1105
444
560
638
145
601
83
124
142
517
591
679
888
892
935
939
1005
26
59
89
101
130
167
245
390
416
465
473
474
547
563
606
611
672
705
786
871
923
931
960
979
1014
1034
1072
1073
1132
147
392
887
226
750
206
34
39
82
100
166
255
276
279
326
384
406
471
487
492
625
682
683
728
745
754
830
942
947
993
1030
1040
1051
1090
1119
1125
105
205
865
25
139
297
302
415
648
828
829
857
940
1109
681
129
162
175
195
211
219
369
580
603
627
637
663
760
869
884
955
1001
1037
1065
1120
337
769
377
468
577
680
971
1035
50
97
190
634
676
763
917
944
957
992
999
1027
1049
1088
914
52
202
338
339
351
439
798
870
902
974
1024
1075
1102
1121
552
28
64
118
583
800
820
889
1046
1086
95
730
1133
85
231
385
420
458
229
482
733
51
572
840
18
47
116
157
230
263
383
521
522
541
584
593
686
832
837
886
890
903
919
1068
1076
1085
1092
