1226
202
277
151
29
1033
1628
515
861
1007
234
890
1028
250
1517
751
1006
744
506
771
634
1078
461
271
910
101
1537
1154
208
87
630
1157
1225
416
328
918
641
614
1388
240
27
382
149
921
842
305
144
1199
222
1292
5
334
810
128
507
666
316
370
767
401
433
312
1453
1167
1457
1245
184
846
1276
1401
108
337
617
886
246
876
241
1334
78
661
759
48
446
807
1049
1249
385
393
428
1060
1234
613
1325
30
723
1188
329
766
823
472
440
990
1146
1121
729
68
377
748
838
36
236
248
481
247
567
18
413
480
536
698
1042
37
1274
1070
591
1430
460
631
91
1091
1156
812
501
95
190
1184
1297
438
125
1073
1375
1159
682
928
580
1118
533
913
932
310
915
905
1134
1150
1299
717
703
863
1247
182
1109
742
1089
521
1137
122
219
911
941
998
792
680
1651
560
970
595
849
1021
166
1267
1222
442
261
821
228
1333
1124
1589
1176
1092
136
1084
883
593
581
1072
355
454
1205
664
1389
90
359
618
1215
947
830
546
835
1051
1532
268
1125
1441
548
658
148
121
966
1082
607
204
436
435
870
826
756
441
10
1041
1303
954
790
679
1182
1528
787
1475
608
693
834
1093
28
434
683
855
231
554
684
215
535
566
1034
1634
843
167
1143
177
217
815
1212
750
1163
321
414
405
430
1377
726
392
1450
1337
1556
1404
840
518
1252
896
1053
272
984
1005
806
1396
1316
1356
659
1329
191
919
820
646
178
170
577
457
667
1603
363
1637
1108
847
1319
463
1035
180
232
1575
1478
1015
576
478
1102
707
449
1374
1416
1501
356
837
104
950
549
1253
264
1069
1366
805
381
160
1237
734
362
1460
736
323
14
1476
131
899
1433
525
1317
62
1120
920
354
1235
860
1047
100
1557
1058
155
574
1363
1440
647
16
482
686
926
1300
21
1558
147
1376
888
74
976
1446
1059
174
175
1339
800
1164
621
1492
1
1594
538
589
67
1177
1435
1682
468
172
1067
1142
388
1302
1560
1001
1419
49
1664
58
1186
169
94
1088
161
802
741
980
1432
701
1141
953
917
111
1579
1504
17
1081
249
459
1428
71
500
904
406
995
660
681
704
353
985
898
1565
233
562
509
1526
671
1421
397
418
1322
400
948
989
1318
238
1149
1293
578
423
848
1048
844
24
1243
1240
547
57
210
1295
1002
949
1364
129
439
584
728
1257
1420
289
287
1011
716
516
1229
1411
755
1680
187
1536
1588
1063
900
739
924
493
1175
1010
638
776
399
82
263
508
89
612
447
867
1345
1178
1242
1643
828
1064
1395
1512
1307
254
561
1266
512
1220
1619
1192
464
4
1131
616
1379
625
590
46
364
794
653
1519
1650
1191
465
983
762
1203
1256
598
333
993
207
1138
1655
64
1280
110
958
1090
51
76
868
1308
674
1595
968
1251
1281
845
1085
1541
817
295
1398
988
961
1330
1483
853
610
1716
1354
38
42
324
1008
1224
945
822
943
1463
955
836
1704
1104
376
1112
1616
586
1697
1133
878
1017
1596
1484
880
973
115
1161
450
569
1286
839
1490
1003
1606
1185
528
1037
379
745
290
1269
1296
352
691
523
25
713
1499
987
92
97
1586
907
1056
965
1097
510
1500
398
1261
981
341
367
1050
930
1491
1326
410
1488
1019
710
73
452
467
724
1233
1144
615
181
1648
1123
209
1077
1228
1397
474
1260
1087
520
154
922
1571
1016
831
1119
1503
61
772
1470
265
1454
69
343
1546
530
1103
587
1313
145
332
858
959
1393
365
1471
570
432
841
1593
296
768
1403
1099
765
1487
1106
33
885
200
542
56
407
421
1277
1570
1036
1590
1312
266
1506
1451
960
829
1574
1328
1555
1258
1230
1169
534
1306
429
1241
1338
1275
8
1071
1315
105
791
159
1098
629
1000
588
1442
1468
884
519
585
1563
270
124
903
550
1496
773
1385
1301
1129
1464
315
130
176
1231
1259
59
1624
1012
281
112
572
114
492
1223
1355
942
914
777
1236
119
952
11
1294
851
1083
1392
865
697
1250
134
672
1587
611
962
873
1342
1348
1390
1022
1273
1349
453
1290
640
1461
575
1674
606
1282
1136
306
1605
230
665
1414
1244
451
689
479
619
1448
1304
1227
856
186
677
1162
1615
339
1698
1649
1486
419
1507
1327
1367
1573
780
1578
1197
477
897
1548
139
1239
86
1127
1384
1658
132
1210
743
1530
443
1066
1672
1520
651
997
1683
992
1314
1543
1336
503
971
257
1576
1209
1553
1562
1581
22
1473
1694
620
391
1158
1100
81
1371
675
753
1324
1394
545
1662
484
796
889
319
297
1479
1627
412
1535
808
1380
746
1206
700
1669
23
1287
411
1213
872
1189
669
342
656
1417
1511
1459
622
1165
877
1248
276
982
1065
455
1625
1621
1534
1029
409
1480
1426
1631
722
1424
1298
1310
963
1284
1544
875
1489
1140
662
1600
1095
505
1516
1583
1263
1635
1343
1552
213
1679
925
1031
517
1614
1481
1670
489
1629
1076
1309
571
1514
1279
1335
358
1630
1381
1712
395
1714
1412
142
1510
1218
1527
696
1701
1238
972
1057
1439
1386
1152
259
274
1456
322
757
1207
1723
466
720
1415
1582
1030
740
1221
609
869
1564
1195
893
1151
1391
1211
1372
721
833
346
1592
1409
54
302
1515
940
1086
138
1160
344
1043
1110
1703
1155
709
951
1559
1653
1477
1418
818
1387
1332
1116
1214
544
654
1265
1566
444
1288
1462
1174
1577
53
387
1730
636
327
313
156
1673
1542
975
786
1597
1702
331
1551
345
1497
374
1130
1020
1027
1458
1620
1690
699
1305
1568
1283
1452
725
1340
690
1075
1572
1665
194
487
1370
902
1408
1170
1323
1598
1522
969
1647
1444
901
390
1654
1604
732
513
1107
1717
1607
879
1360
1469
1168
1045
251
396
1270
1264
1681
1524
292
1024
626
974
203
1539
1217
1009
1688
1550
373
1684
1467
1584
1685
1706
946
1425
1096
1671
1695
1202
1135
964
1445
933
1271
1383
1659
368
1601
1115
1713
1405
1633
1531
1128
1646
1700
714
1508
1657
1179
497
718
1025
1498
854
916
1382
892
1285
1720
1351
1126
1407
47
712
1148
931
1660
1359
706
113
866
1320
1046
1676
1639
761
639
1291
908
1666
426
1153
1640
1699
1423
650
597
738
1602
1728
1147
1402
6
825
803
1708
814
143
1567
1652
895
957
1023
1373
291
891
326
775
541
1014
1677
799
1721
1427
1538
1626
705
1710
1549
1505
1540
1254
1171
307
1447
1472
1321
929
1232
1493
499
1181
1410
1438
1554
1353
1686
1474
1262
1347
43
642
912
369
1094
1465
211
994
1612
763
1705
1732
692
874
427
1711
1529
1580
1585
663
1413
1608
1219
1055
644
1173
733
1122
553
1344
711
719
695
784
1645
1725
1610
1518
1196
1696
1687
1193
1668
1032
1622
1466
462
1013
141
687
1693
473
1636
1365
1482
1656
340
1513
894
909
906
1707
999
1591
1341
1362
1437
1346
649
1533
40
798
1617
1692
103
1190
1495
939
237
783
1352
1611
1675
735
1183
1545
1718
1709
1618
1502
1080
1632
1455
1278
813
603
1429
1443
1204
1361
1691
1561
183
1663
1644
325
1609
1431
850
1494
1436
1180
624
1642
1074
1523
133
1198
235
1722
1289
1623
1599
1727
779
1678
769
1638
314
1729
1689
1613
1719
375
1731
1641
1201
1724
1715
415
1525
417
1569
936
386
1667
1661
1726
1399
1311
1052
1547
