153
749
98
349
437
220
260
934
96
673
12
84
402
633
956
256
164
308
645
252
730
41
118
226
678
361
378
9
244
404
652
34
408
937
774
157
225
99
197
216
789
221
1101
1038
85
708
857
1350
63
372
192
179
623
350
212
360
944
727
991
171
1111
229
262
66
1114
45
253
420
75
627
445
628
189
788
185
754
986
123
366
77
330
811
670
158
979
201
50
288
486
205
996
35
165
173
809
859
422
146
303
394
13
552
676
299
70
935
80
72
555
152
304
245
1145
52
592
557
15
79
300
258
106
269
218
348
380
55
531
938
488
140
1200
26
923
559
1139
338
431
196
832
1004
20
335
1172
243
778
537
563
583
1272
476
529
758
127
731
1187
242
927
351
31
1268
601
135
568
383
804
371
44
747
539
162
1406
1400
495
93
65
458
702
1166
816
685
795
227
357
384
280
511
448
293
1246
1255
498
1061
785
116
504
284
573
527
469
163
582
522
0
502
490
282
279
424
551
491
1105
1208
336
782
532
514
7
1434
764
977
1044
688
643
1485
526
403
694
19
32
389
1018
494
102
1357
668
752
150
286
471
715
88
793
632
864
193
556
819
1521
126
199
39
298
485
862
967
657
1449
871
120
301
195
137
760
1062
239
1113
317
596
224
637
1054
881
540
1358
882
558
655
311
827
475
267
1369
83
565
1117
594
117
1368
470
1422
283
1079
107
564
737
801
275
456
223
797
206
599
198
579
496
347
1509
214
1194
3
1216
320
1068
483
887
109
600
60
852
1378
770
318
781
285
524
602
605
824
543
978
273
648
188
309
425
1040
294
1026
168
1331
635
1039
255
1132
278
2
604
