38
662
247
271
31
358
84
96
200
630
399
40
488
12
177
816
666
292
478
624
381
0
32
243
418
516
375
44
35
836
419
862
493
543
312
348
498
523
367
772
8
62
483
24
45
212
389
455
954
244
1074
287
808
269
224
135
374
500
617
883
621
777
80
48
431
376
386
641
63
352
615
114
213
622
120
134
549
833
950
37
188
286
361
425
43
479
55
811
592
1056
148
58
553
576
61
610
747
520
79
359
727
11
23
117
503
1015
196
356
395
7
445
546
110
417
441
477
799
600
207
318
658
599
77
74
217
486
391
579
739
388
208
514
238
106
605
842
272
316
355
432
674
717
329
429
566
698
748
1087
233
303
893
78
168
341
91
613
895
141
765
1045
29
184
860
294
618
222
319
234
1082
140
241
509
640
668
712
501
564
20
46
171
183
405
459
761
980
144
201
364
185
221
270
336
449
989
5
346
353
354
378
396
513
789
843
995
191
701
934
73
174
340
687
702
1018
72
540
1020
69
192
301
626
290
766
790
924
994
1122
27
