285
858
907
437
443
632
968
363
138
257
258
366
740
873
252
699
347
2
60
656
725
856
289
422
160
453
504
595
773
822
1029
283
323
781
834
909
912
71
198
274
327
345
350
565
845
1026
123
278
281
309
476
619
724
794
293
484
494
594
616
709
867
874
978
320
454
480
424
537
649
689
1011
17
360
435
571
574
925
1094
65
490
142
591
444
239
872
362
768
128
447
524
464
536
402
427
466
589
660
667
720
896
108
197
227
535
650
805
853
864
13
155
696
743
928
164
275
295
403
408
409
582
623
784
812
1039
49
67
88
152
210
299
430
567
639
671
673
103
104
127
136
235
357
607
735
854
967
977
1017
56
131
237
334
393
436
532
707
850
1032
1058
153
176
180
236
242
310
328
426
457
510
556
633
659
710
825
880
991
288
410
428
448
570
612
635
646
647
732
762
780
14
54
253
298
314
335
554
690
708
752
863
882
922
986
1126
1129
681
206
560
638
178
719
467
19
260
802
984
90
342
561
588
602
1033
159
170
373
551
677
759
879
956
1012
1047
93
109
248
330
331
368
450
597
691
779
107
146
321
394
518
692
742
277
296
315
407
507
555
653
813
819
835
866
885
921
969
1042
1089
3
86
172
189
349
433
452
644
694
695
897
913
1044
1078
98
126
154
169
461
515
614
651
693
787
826
946
987
1010
119
165
216
284
325
365
506
665
678
755
916
938
953
1025
1063
1081
1124
57
75
92
132
194
209
218
495
550
568
814
898
958
1036
711
736
753
776
788
899
981
985
1107
1115
413
675
1077
377
577
680
105
205
226
750
59
473
606
145
601
232
891
906
941
94
411
412
562
751
846
151
446
715
734
945
1104
113
161
472
688
723
792
943
1023
41
259
273
519
645
713
758
839
849
851
1060
1071
99
414
485
703
706
767
838
951
973
976
1038
1108
15
21
122
150
163
199
228
380
397
401
451
470
481
499
505
636
684
721
797
803
937
961
1101
1116
6
240
264
268
300
306
324
371
508
559
590
609
737
815
831
841
900
904
910
926
996
1004
1016
1059
1091
1128
76
81
143
182
214
398
421
511
525
526
545
548
669
714
855
876
949
959
962
1021
1084
1096
1098
1127
187
265
307
313
343
370
387
438
527
538
585
587
598
655
744
821
868
905
936
998
1052
1061
4
111
308
332
456
497
722
783
927
975
997
1003
1022
1067
1106
1053
1048
64
337
769
211
580
865
82
326
471
728
830
147
392
887
83
124
517
679
888
892
935
939
1005
203
304
344
440
475
586
704
804
1105
442
531
731
785
1112
68
121
125
186
223
400
469
496
569
661
685
729
771
782
852
948
1043
1055
16
36
156
193
220
249
250
256
266
267
333
372
404
512
534
628
664
756
770
972
990
1013
1054
1062
10
22
30
133
137
181
254
282
291
305
528
575
578
629
697
764
806
818
966
988
1028
1031
1110
1114
1117
33
53
102
112
158
204
261
379
539
581
604
738
774
778
795
807
824
848
901
1006
1007
1070
1079
1093
1103
1118
66
251
434
462
544
596
642
654
670
718
741
796
810
823
827
875
881
915
930
1019
1050
1057
1064
1069
1113
1
542
859
933
952
983
1131
1134
1123
982
482
552
914
676
468
971
1035
175
195
219
369
760
25
139
297
302
415
648
828
829
857
940
1109
34
39
276
279
406
487
492
625
683
754
947
993
1051
1119
1125
26
89
101
130
167
245
390
416
465
474
547
563
611
672
705
786
871
923
931
960
979
1014
1034
1072
1073
1132
70
87
149
173
262
317
489
530
716
757
793
817
877
894
911
918
920
1041
1097
1099
9
42
115
225
246
280
311
423
529
557
608
775
791
801
844
932
965
970
1066
1111
179
215
382
460
558
620
631
643
652
726
809
847
861
929
963
1000
1008
1009
1080
1130
463
491
502
533
573
657
700
746
749
878
964
1002
322
908
1083
840
51
572
733
229
458
85
231
385
420
95
730
1133
28
118
583
800
820
889
1046
1086
52
202
338
339
351
439
798
870
902
974
1024
1075
1102
1121
50
97
190
634
763
917
944
957
992
999
1027
1049
1088
129
162
603
627
637
663
869
884
955
1001
1037
1065
1120
100
166
255
384
682
745
942
1030
1040
1090
1095
1100
1135
886
116
541
230
47
1076
383
832
837
890
903
1068
521
584
593
522
263
686
1092
18
157
919
1085
