772
187
447
854
617
454
125
227
863
274
416
85
313
1015
162
688
141
687
367
814
119
105
429
1180
619
679
443
214
873
795
314
762
123
1221
385
828
110
277
643
337
788
1052
231
480
884
590
192
736
228
140
559
721
84
521
335
97
1149
879
616
805
361
976
419
436
1031
661
866
1067
279
770
276
338
300
431
582
547
600
477
191
896
589
489
520
563
39
710
562
1057
522
837
301
396
534
1107
391
595
827
1166
402
83
1253
199
444
389
886
51
442
612
664
1211
757
16
556
1
691
490
121
320
48
939
530
177
527
1117
624
198
44
565
967
261
1189
677
666
478
833
102
19
653
126
535
131
867
1046
850
254
716
268
225
259
1074
71
488
232
366
696
258
745
118
690
672
951
434
673
240
978
728
631
557
238
466
221
1290
572
945
460
424
1081
426
644
246
73
207
730
219
800
178
1100
758
74
960
802
1058
906
438
512
636
1049
136
1078
746
333
561
639
41
1044
1024
708
446
633
669
295
9
607
360
674
804
785
1096
819
375
368
853
379
622
592
519
323
711
767
253
823
150
848
482
876
224
365
1236
1336
749
916
667
1098
1339
627
91
724
852
831
709
798
718
898
217
697
859
797
1274
1043
642
1021
1038
1019
525
1037
1355
968
286
885
201
1317
64
741
628
1284
96
587
28
922
1134
1085
1156
640
154
352
861
971
1029
1102
305
649
1099
763
972
45
193
89
423
1106
738
714
334
635
601
771
47
755
180
363
1158
943
1007
1160
1231
1263
507
1291
1188
973
999
1001
747
542
1093
1004
79
586
899
1045
872
549
1360
265
919
343
877
1062
604
235
1112
81
505
895
263
1148
1126
613
801
611
652
36
1094
929
998
212
1350
605
811
931
903
773
324
1157
270
292
555
704
1534
298
113
1373
175
985
994
1429
1276
1296
881
680
1457
222
1295
1445
650
793
1167
306
574
171
809
1257
400
1252
176
961
1433
660
330
777
659
449
517
610
513
184
210
1216
840
1116
733
407
883
921
1417
1437
725
203
111
803
1242
585
1051
658
654
1175
34
1265
1450
474
641
1294
1403
1118
67
820
1077
541
759
1338
1280
1367
327
1561
1320
765
1254
620
1415
293
1304
1080
1325
1121
427
1210
947
1223
1498
907
1151
1054
926
855
637
1475
1202
1032
845
1269
722
1468
358
1418
492
843
196
829
651
990
1061
731
1145
705
717
955
761
53
390
1272
1182
523
167
782
1249
1090
1033
834
1248
780
606
1261
894
1260
1136
1385
504
822
1310
138
1275
1378
1084
156
518
1041
499
889
812
1299
1349
1027
1347
1226
826
1036
1246
707
413
815
846
135
1059
533
546
1144
868
148
1194
470
1025
252
764
1444
540
294
935
1241
1111
1333
528
1198
1225
4
1505
647
371
1462
1262
1322
494
1282
1447
1256
122
965
128
509
1048
1567
1405
1307
461
685
380
1040
1097
350
381
1104
1288
552
1419
953
573
1147
506
678
958
991
979
569
1163
1213
942
575
1169
1247
1161
532
1042
72
665
1244
626
1376
1271
816
778
599
143
754
1340
168
553
1483
215
1047
1303
864
902
1270
1204
1302
1560
503
930
949
608
1313
1087
1277
166
1026
1178
1258
1108
742
791
393
1235
1028
1409
1354
737
1348
1035
558
832
415
1424
865
1383
768
878
481
932
1305
1328
1063
975
897
543
1056
1323
783
818
694
1364
1389
1237
1066
928
700
1179
1005
61
1298
62
1387
621
576
701
1006
1404
692
283
629
291
341
342
1306
1472
496
862
625
875
1017
1463
1557
498
8
1138
1139
462
469
1365
1003
1150
1212
87
1374
1070
1214
1501
1394
133
1318
146
934
1227
882
723
205
264
1425
774
1439
1430
1215
1397
1484
570
1363
1092
1478
568
1243
799
905
869
871
1146
182
1129
485
1526
1229
598
1165
1581
1201
544
1486
740
344
1401
656
847
1423
1509
1563
1186
1592
1177
325
1197
331
1555
786
1449
1095
1191
1034
1377
844
1065
1287
1539
830
946
1481
794
1268
1334
134
1119
766
1528
1441
1176
1502
849
963
1155
892
1199
1162
1208
806
964
491
1279
1072
1020
959
1039
1342
1511
1464
748
1251
1088
1083
648
1181
835
1240
1479
1456
1492
1120
1292
739
1124
348
1330
1402
1469
376
1228
1022
1209
646
273
1335
760
734
1523
1141
1455
1195
571
1103
1076
1069
1398
1075
1152
1013
23
1086
1132
116
537
450
1474
194
1301
1514
1011
1426
909
1435
577
1344
567
645
1174
594
880
339
510
46
55
1506
190
1508
1406
149
1522
1353
457
1110
984
1332
1547
1438
1168
1135
524
1520
982
1297
981
349
1217
1238
1451
1545
1140
1465
345
966
359
1411
1541
1499
1321
893
422
1172
1173
1286
1266
1205
545
1532
817
1050
1379
920
1480
860
993
925
1273
1427
1101
1137
1196
888
914
956
1358
670
989
1421
1552
904
1513
1184
891
1543
213
1114
1572
1170
1224
944
1115
1234
1594
1473
938
1281
411
1030
940
1519
974
1289
988
729
744
1309
918
915
1008
1255
1203
1368
1109
1207
695
1361
1386
1391
1071
1128
1507
1125
1159
781
1412
927
1521
1123
1142
1414
1495
564
1113
1002
712
100
158
1185
1413
655
1200
1014
1222
1448
356
1380
890
1068
1369
1399
1458
1461
911
1550
1524
924
1164
1352
962
1490
1219
807
1535
1351
1122
634
1073
21
1264
784
1396
995
1091
675
954
713
115
501
1576
787
369
1012
1127
1308
456
825
1300
1250
464
1489
1316
1356
1154
1470
1553
841
1329
1345
970
1525
1586
1422
910
1370
1314
789
539
1565
997
1375
1571
1187
948
531
1230
756
693
937
1577
913
1359
164
1130
1278
1327
1283
152
1407
1232
952
1079
200
662
1453
1497
357
514
1133
1436
1442
403
414
980
1529
579
957
1259
1496
1089
1171
1392
1218
1587
1584
950
1183
1591
1315
856
1366
1536
1593
1408
1372
1326
1562
1548
1064
1395
1432
1485
1434
483
1009
1559
1515
1192
1554
703
1503
1570
596
1477
1206
1510
1245
842
727
1143
792
1538
1312
1459
977
1544
908
923
1023
1055
1239
1488
769
1410
538
986
1331
311
609
1549
282
500
1518
1190
1016
502
1053
1546
1452
1000
1467
1193
1384
851
1267
1551
743
1580
1540
1564
1573
1362
726
775
1393
1285
1153
1494
1517
1431
1585
1578
1527
1337
1341
1324
463
1346
591
1530
987
1574
1371
1454
1531
208
1420
281
1504
1566
321
1131
417
432
1446
1343
1589
753
1579
1533
983
1542
1382
1476
1018
1556
1516
676
1493
157
1428
1440
790
1400
1105
1390
1311
142
455
1583
1357
1416
1443
1500
1460
1381
1582
1568
1471
1293
378
1060
1319
1482
1588
1512
1220
1466
1233
1491
838
1569
1575
1558
1487
1537
1590
1388
