145
267
249
43
439
307
42
189
57
236
160
397
245
404
218
82
18
698
161
30
139
326
86
7
297
318
24
484
441
312
332
103
90
209
216
247
671
630
17
275
580
204
272
109
317
0
50
473
132
508
54
497
808
370
76
243
173
130
80
387
20
285
32
188
78
681
551
63
242
735
465
602
720
433
536
75
59
239
169
969
401
229
706
11
353
31
60
435
77
94
453
114
92
471
255
437
347
614
813
153
408
26
49
181
280
223
155
58
127
40
810
10
248
459
689
288
412
663
230
346
362
319
137
33
550
406
638
308
388
144
430
936
428
244
917
315
289
104
93
302
99
29
147
101
316
623
56
98
374
163
511
117
38
597
821
384
719
392
336
278
68
405
588
95
683
262
752
858
304
284
13
186
257
106
195
234
615
526
25
395
355
776
632
52
566
237
1010
440
682
702
329
233
382
836
451
581
779
120
70
486
468
37
27
322
211
715
202
410
554
220
618
296
112
174
3
124
857
165
206
394
418
824
578
309
420
472
668
65
583
493
467
340
179
69
448
515
251
107
271
310
5
933
250
88
159
476
699
479
185
398
684
377
197
445
364
516
425
487
328
529
172
12
256
732
941
14
1082
35
266
870
66
874
593
796
151
912
996
992
2
183
290
299
372
686
495
129
226
560
354
421
6
603
269
584
108
657
750
475
383
15
887
22
751
900
260
373
241
901
409
287
452
839
170
386
303
458
548
399
351
