186
1266
1078
350
506
481
875
232
829
1293
512
1323
1109
584
856
240
1000
563
291
980
673
275
893
1105
1194
168
183
1423
1098
908
63
450
794
928
809
205
1431
1340
14
333
781
951
107
321
404
644
413
1088
770
1272
544
772
715
640
627
384
960
113
700
1251
313
1232
47
846
255
1390
1460
509
287
764
1172
335
571
697
795
453
76
884
634
507
854
296
603
658
903
942
374
1148
793
184
80
170
1079
777
1166
1084
745
675
904
651
726
1024
318
172
382
695
1013
590
1082
608
1083
234
847
963
917
1087
204
591
800
940
609
983
43
489
1384
1086
66
816
643
75
1135
213
910
572
1115
133
379
199
1011
1042
310
87
13
1315
140
534
24
423
159
548
73
554
405
937
289
155
380
1269
714
944
474
738
806
242
743
371
786
692
1030
309
623
169
613
895
943
416
207
1034
845
827
582
785
528
471
696
866
998
967
1168
196
905
1243
647
1092
295
1136
342
1137
1411
248
1102
1058
7
1076
573
229
174
694
32
894
293
302
1414
589
1364
657
367
730
797
606
679
189
581
1372
490
887
493
1049
45
1145
857
656
1175
839
1061
1217
206
525
664
784
495
791
907
129
278
60
1197
375
1457
414
958
587
815
900
1169
655
1280
877
1044
228
712
1185
118
987
688
1410
50
828
577
935
638
536
552
684
616
104
635
356
182
131
838
1196
339
1053
297
464
1191
1339
1201
749
766
898
1165
1182
1089
934
1335
343
642
1261
86
369
725
65
1273
535
203
1403
64
486
1259
156
804
69
574
1017
1007
622
706
480
882
897
955
1070
710
542
1074
408
44
614
519
523
410
1234
906
435
991
767
475
722
290
395
708
149
1209
1376
132
902
788
128
48
498
1267
711
284
1054
1180
1398
270
1097
400
1133
885
1253
1219
693
869
252
759
158
799
1132
1116
617
33
742
428
1284
611
1349
1296
288
392
762
1066
1002
1237
807
1118
355
1252
352
530
1038
126
527
1046
558
881
513
301
488
454
739
637
1187
1238
1225
412
817
1290
1221
463
1019
461
6
366
1016
1360
260
476
878
460
245
31
1157
1276
501
515
994
46
420
1369
330
1140
348
677
639
814
813
1319
192
373
1257
427
1399
901
1268
1048
948
1177
540
848
938
1190
1435
329
1031
510
1151
396
920
549
215
969
1311
659
1321
1181
601
1056
1124
1421
332
597
1383
89
383
68
336
986
56
201
648
285
124
35
281
36
152
492
458
1332
602
315
753
761
873
254
586
1152
718
1350
419
265
1262
518
98
108
689
965
740
1287
122
1018
650
1144
863
579
299
1068
1160
1147
1443
276
698
598
604
812
957
176
354
226
154
533
1428
22
1040
962
153
516
567
1418
709
266
970
546
990
1173
415
1081
429
1419
821
1184
279
973
1400
1233
1069
359
682
892
933
909
322
701
134
1009
249
820
1246
138
964
553
1346
758
1131
1336
465
607
868
221
1351
1434
102
861
605
927
1338
1051
862
1161
1230
1041
222
750
1006
262
737
409
870
1108
388
1141
1228
778
1091
1288
625
825
1150
789
1456
562
1285
926
835
756
645
834
312
995
1199
1334
105
1123
1212
447
1393
751
1244
283
947
545
1359
1241
1333
1271
502
442
1
166
1366
120
971
1417
1447
886
723
1357
81
1146
1164
225
1442
1149
1162
305
972
1126
389
503
526
979
1279
368
175
736
981
802
805
1003
532
145
300
377
1120
808
555
190
1060
1248
1250
702
985
1295
402
112
1264
316
1008
351
1286
992
1408
576
1255
1186
1020
585
564
662
216
744
1422
1426
1090
871
1429
665
1021
258
1270
620
1236
654
484
936
747
1039
1385
1356
1064
1224
485
691
818
924
1371
1216
583
41
1202
945
314
687
783
1328
1446
77
1317
130
233
779
860
988
619
840
378
1387
989
746
727
1326
338
888
431
1342
1459
977
1143
1291
1158
575
946
1445
99
923
1036
557
641
769
440
547
993
790
259
775
1322
1065
1127
1063
690
1207
1129
417
1449
952
1121
0
1436
1072
1439
444
538
1348
449
1057
208
819
922
864
1307
646
1213
1440
610
941
1282
1308
1388
165
137
349
308
1075
1037
57
1395
179
1297
629
660
1345
274
524
1415
1189
1343
1450
1302
505
929
915
167
1229
494
466
520
1258
1026
1183
974
716
452
403
227
787
896
209
210
1093
430
1119
1381
734
636
1437
1430
1052
123
674
872
306
911
1178
23
1325
365
851
58
49
1012
1174
858
930
1318
1263
1379
752
633
831
1220
916
678
792
72
101
1441
833
537
1455
1309
1101
84
421
699
1378
551
1363
97
241
487
1218
1327
925
1025
491
560
1014
231
1154
394
996
842
978
1104
164
984
1413
1370
1215
1242
669
1358
1324
1028
1204
1289
1265
282
1032
1113
1355
621
1416
823
1117
1231
1080
323
1249
1362
462
780
652
1192
325
1278
961
932
1103
686
78
341
1022
1029
85
594
850
1374
1292
187
671
54
136
931
1125
1235
195
247
1305
109
1198
704
173
1210
103
1227
1380
1170
966
1099
1112
1208
499
1067
1239
568
1100
720
1004
717
188
436
1156
1226
1407
1193
1432
1310
1222
1427
1055
707
443
566
773
269
1062
1361
67
500
1402
197
728
1005
1353
1377
125
1420
811
117
731
1382
732
1134
95
1406
376
1176
1312
1392
473
477
580
143
399
1316
1329
320
1301
1142
1260
1275
144
141
340
949
346
200
448
1188
1352
358
331
921
891
1245
830
649
401
1138
755
956
876
1256
1433
968
668
837
1452
982
1405
1409
311
74
1206
1341
1394
774
1389
867
298
1391
1195
1367
1094
1396
1299
163
763
959
1167
976
1368
1425
565
1438
630
1304
559
1139
1153
37
236
185
529
1354
1281
1397
1404
1159
217
798
1375
1277
386
1451
223
1401
418
151
1163
390
1453
1171
1214
237
1330
776
1373
1331
663
1110
1106
1294
52
1444
1454
570
757
666
1096
441
1298
879
741
733
1306
685
865
1043
1073
561
1412
680
615
1365
1313
832
1448
372
456
1283
703
1458
17
