135
20
116
214
16
257
93
111
62
5
363
83
398
177
569
202
79
59
292
82
218
157
874
160
148
181
1128
541
61
19
191
9
446
253
328
230
251
880
1205
110
1300
496
224
347
271
268
194
470
406
1320
92
18
114
1303
139
71
96
387
628
521
106
212
94
397
522
357
161
12
319
324
1033
596
826
238
1179
121
1114
424
801
913
264
127
889
822
1122
705
511
836
171
294
88
595
437
3
599
150
724
239
90
661
433
25
445
849
626
439
578
243
1010
950
670
683
307
459
890
434
8
588
1111
115
592
1337
27
235
953
919
918
246
1085
556
472
38
667
360
550
1045
178
55
267
483
844
676
250
719
286
180
4
10
1107
317
353
40
1274
803
147
1200
853
146
1001
2
393
29
1015
1247
748
422
768
425
42
211
28
220
277
765
810
672
514
70
593
754
337
468
824
1050
469
1027
713
280
263
618
361
30
1023
303
1211
600
467
26
273
855
1155
256
1347
954
381
119
997
497
198
543
261
432
327
345
1203
244
51
478
859
479
539
517
11
438
34
1386
53
852
1077
841
304
457
100
326
451
407
729
370
939
782
653
760
975
632
364
912
1240
1314
1059
219
1071
91
1223
843
334
1035
142
1047
1254
914
455
272
883
796
411
899
482
735
391
531
1424
1344
426
344
508
39
771
721
193
631
385
999
1095
15
362
612
162
624
1130
21
681
504
