153
1222
1098
1083
251
49
505
148
57
197
1365
242
152
707
1169
136
165
128
48
118
260
677
168
1082
821
378
76
367
47
347
349
305
453
945
146
360
528
796
98
919
667
1382
607
692
459
675
532
1446
512
608
655
881
624
470
710
621
258
311
87
507
859
1547
556
684
803
1551
15
619
747
150
918
461
362
70
101
166
280
427
504
562
444
1503
1836
273
58
159
510
315
650
376
985
1037
325
1580
12
274
235
37
999
912
712
1474
44
623
42
526
965
194
564
104
269
688
182
331
869
181
695
29
964
1434
56
454
491
929
1557
441
493
1516
654
20
84
278
379
672
43
1071
618
593
227
588
433
847
653
722
963
105
457
627
698
1443
1886
14
284
751
1392
2030
1928
329
1077
281
345
540
595
1144
36
414
162
201
809
956
1237
1217
191
861
198
212
333
832
1196
1903
1422
915
578
1330
670
1000
112
777
749
676
960
1721
79
314
394
407
492
639
1442
1524
66
156
216
277
638
682
1224
1225
1301
16
178
373
582
860
882
1661
884
978
211
1218
814
922
991
18
817
1594
1830
185
293
2099
139
213
423
537
708
1706
63
129
351
611
614
819
1288
1616
19
114
544
843
911
1157
1601
54
203
387
780
1069
175
895
1055
1081
973
1099
1119
502
545
668
80
7
81
169
184
283
355
696
702
1241
1260
59
371
500
1167
1596
443
574
808
1229
310
348
2092
71
180
625
634
820
907
948
1090
339
366
534
742
848
1541
2173
111
435
706
1054
1413
1704
511
548
1433
1588
1869
605
1397
173
174
594
296
678
1431
74
218
499
721
288
319
530
921
1151
1253
82
123
580
643
1395
1713
72
167
300
389
523
699
810
906
1075
1201
1627
279
555
558
612
1207
1604
265
666
1267
1461
1711
610
629
826
1022
1152
1200
1492
1626
1630
1697
1985
267
924
1016
1465
1909
1977
67
100
130
275
746
1375
1788
1800
2028
942
1290
934
1569
289
620
476
855
1031
1509
399
486
897
1246
1876
592
839
923
1378
1676
163
403
725
829
1028
1113
1520
1530
2142
0
30
149
183
778
1251
2013
179
294
495
652
719
866
1064
1153
1283
1566
1666
1852
2218
65
83
109
410
541
806
872
885
939
1143
1236
1291
1318
1327
1423
1468
1602
1831
125
244
342
846
851
1004
1074
1255
1279
1600
2075
6
176
246
328
637
798
807
890
996
1139
1203
1206
1339
1364
1407
1417
1648
647
867
894
1223
1319
2070
1
