38
299
790
741
1027
551
116
341
471
730
1066
1687
60
255
938
1156
1320
1324
2025
320
508
576
617
831
1032
1455
17
240
297
474
478
542
602
1010
1183
1449
1560
1617
1698
188
503
736
815
1269
1303
1351
1710
1814
24
69
89
550
862
901
1175
1314
1444
1447
1623
1764
1818
113
254
363
962
1496
1554
1795
1945
1952
1953
2136
2287
2292
2334
2370
41
384
723
787
793
811
856
888
967
983
1221
1309
1343
1679
1844
1924
2044
2299
2320
395
757
1331
1712
1804
1873
1944
2093
21
344
662
1126
1178
1334
1690
1843
2129
324
1033
463
1011
50
85
306
868
2156
200
853
1063
1719
2006
31
141
332
458
926
990
1758
77
321
600
685
792
974
1080
1254
1459
1685
1689
1728
322
358
359
604
657
784
992
1160
1272
1295
1458
1478
1531
1621
1742
1890
1971
2235
3
26
226
282
673
835
876
892
1009
1023
1250
1412
1940
2111
131
232
381
494
763
909
1084
1106
1198
1432
1535
1739
1798
2157
2194
51
177
302
323
549
664
681
875
905
1041
1262
1273
1278
1332
1424
1471
1472
1481
1751
1837
1896
25
206
214
307
442
703
877
986
1002
1464
1803
1812
2122
2138
2269
686
733
899
987
1138
1540
1609
1781
1857
2082
393
768
301
385
701
170
559
1287
33
1116
1347
1521
398
716
797
1673
28
75
205
270
609
644
645
659
718
858
914
979
1058
1129
1162
1242
1387
1393
1497
1514
1684
1864
32
133
261
312
335
343
374
462
469
506
552
951
961
1056
1312
1344
1394
1900
1984
2034
2087
86
103
138
151
157
287
338
364
400
473
509
531
553
563
786
824
874
995
1029
1087
1171
1194
1230
1234
1285
1411
1426
1490
1529
1629
1696
1726
1729
1748
1782
2089
2158
11
142
369
412
561
727
822
849
904
928
954
1310
1367
1555
1581
1595
1619
1702
1705
1731
1809
2012
2027
2105
2162
2164
2217
91
108
354
404
460
466
536
568
571
754
770
857
865
998
1070
1073
1097
1186
1187
1399
1408
1671
1714
1784
1793
1835
2210
5
10
96
402
450
572
626
804
1158
1315
1355
1376
1467
1487
1537
1561
1587
1618
1709
1754
1822
1848
2014
2060
2080
2106
2180
107
487
694
785
941
1544
2118
521
189
1404
1842
186
372
977
426
1276
1779
121
221
241
579
591
900
943
1163
1791
291
304
539
1205
1261
1373
1502
1597
1778
1841
1962
46
55
247
356
417
737
1051
1103
1199
1268
1275
1419
1460
1527
2010
2242
245
436
498
525
596
599
671
735
920
1105
1133
1340
1989
2018
308
392
430
431
467
485
533
547
765
781
818
953
1017
1130
1192
1209
1231
1473
1495
1562
1608
1755
1783
1797
1973
2046
2065
2266
2273
257
264
295
353
475
565
740
773
837
902
910
969
1046
1109
1165
1219
1305
1349
1396
1403
1500
1504
1665
1675
1678
1746
1760
1854
2016
2051
2125
2139
2179
2199
2224
2230
2313
2323
2332
52
229
249
262
557
584
616
674
745
762
1067
1085
1150
1227
1238
1360
1429
1450
1513
1556
1593
1792
1885
1931
1938
1958
1976
1998
2023
2058
2130
2134
2153
2171
2392
266
406
497
767
955
1134
1363
1390
1515
1590
1677
1732
1880
1884
1983
2104
2405
94
524
1559
1801
1807
2004
2064
2213
2245
2363
738
812
1440
852
1107
690
171
1329
437
744
1543
1606
1897
501
586
1859
2176
445
697
1110
1322
1484
137
419
577
944
949
1015
1445
1485
1715
2042
2324
88
97
140
192
193
228
234
309
401
581
649
660
980
1030
1078
1115
1299
1425
1457
1550
1584
1589
1631
1693
1744
1765
1870
1872
2002
2174
2231
40
99
220
337
425
519
566
691
863
873
879
946
950
1052
1164
1166
1172
1216
1281
1325
1510
1614
1655
1659
1737
1767
1862
2248
2251
126
380
452
468
554
603
630
631
680
687
788
1012
1195
1214
1308
1371
1398
1406
1428
1448
1451
1463
1542
1583
1591
1638
1756
1774
1811
1820
1826
1853
1949
1964
1993
2037
2049
2068
2291
64
208
252
421
424
720
755
782
842
850
966
1025
1059
1061
1197
1289
1439
1610
1682
1720
1736
1770
1824
1875
1911
1917
1926
1929
1956
1994
2019
2088
2091
2115
2187
2188
2219
2229
2346
2406
230
689
731
838
864
1047
1244
1245
1564
1571
1749
1819
1937
1999
2069
2112
2120
2296
2329
2373
190
207
975
1182
1240
1536
1592
1656
2185
2225
2438
648
761
2022
1036
39
772
1294
1379
1633
143
440
932
1125
1669
1821
1914
210
334
514
775
1003
1475
1654
1747
1850
2066
2132
2150
2215
90
432
434
448
1034
1131
2024
53
233
238
420
455
490
522
871
913
982
1021
1108
1185
1215
1306
1476
1567
1653
1954
2137
2154
23
93
106
237
243
248
256
415
418
513
560
622
636
774
1149
1184
1462
1511
1519
1565
1573
1620
1622
1699
1762
1769
1855
1881
1950
1951
1975
2026
2074
2193
2284
2322
290
388
472
569
715
827
844
957
1049
1096
1146
1191
1235
1346
1381
1418
1436
1488
1660
1688
1789
1882
1980
1997
2078
2128
2178
2205
2228
2270
2282
27
78
92
134
135
272
286
313
346
405
477
481
729
752
887
972
1006
1112
1132
1181
1243
1637
1692
1817
1918
1974
1991
2029
2184
2300
2362
2379
13
127
144
515
538
753
925
1008
1018
1127
1286
1307
1420
1453
1489
1686
1763
1871
1996
2001
2116
2127
2241
2428
1539
1790
429
155
1091
693
330
1959
145
734
1117
1722
496
834
1259
1625
2124
61
683
769
789
1060
1120
1174
1361
1526
2357
2
35
326
340
413
598
704
1258
1328
1452
1498
1695
1716
1796
1858
1905
1916
1941
2095
199
438
439
449
800
813
903
927
937
1118
1270
1353
1409
1416
1650
1777
2342
2347
34
268
573
633
635
783
947
968
997
1024
1170
1188
1210
1233
1284
1345
1368
1441
1548
1572
1652
1787
1799
1808
1823
1828
1834
1874
1904
2067
2186
2198
2274
2336
2343
95
110
124
223
361
465
529
726
748
760
779
799
833
981
1040
1155
1316
1323
1370
1377
1430
1469
1483
1508
1599
1646
1694
1776
1910
1960
2056
2086
2094
2166
2175
2182
2195
2220
2233
2238
2239
2293
2374
2434
318
663
764
893
896
1007
1100
1136
1145
1213
1265
1336
1506
1624
1640
1734
1768
1806
1863
1893
1898
1921
1942
2035
2100
2119
2133
2221
2328
2331
2376
483
700
1402
1563
1574
1847
1860
1986
2053
2169
2208
2288
2366
2367
1333
2170
2377
8
714
1643
391
422
1104
743
1672
222
357
543
1226
1538
1933
202
1068
1092
1140
1179
1317
1341
1388
1427
1437
1479
1785
2253
641
795
801
805
841
886
898
935
1005
1042
1102
1264
1383
1517
1636
1849
132
195
219
756
816
825
971
976
1020
1189
1293
1296
1374
1549
1552
1582
1674
1825
1832
1856
1913
2009
2033
2083
2167
2250
2255
2360
2383
4
102
298
352
446
575
601
828
889
988
1001
1076
1089
1094
1135
1359
1391
1456
1528
1607
1664
1707
1868
2008
2021
2038
2275
2340
2348
2355
2372
160
396
451
527
567
606
640
661
709
791
952
1014
1454
1534
1578
1701
1724
1773
1861
1883
1892
1969
2003
2048
2054
2061
2114
2160
2234
2257
2265
2295
2304
2350
2398
9
117
263
656
993
1111
1193
1220
1232
1613
1750
1766
1851
1866
1912
2011
2045
2141
2197
2200
2307
2325
2337
2387
870
958
1128
1282
1380
2031
2163
2209
2077
2399
2441
187
196
1095
646
2071
236
464
1300
411
570
994
1257
1123
1576
1577
1585
1662
1995
517
613
989
1057
1086
1190
1256
1389
1501
1644
1657
1727
1738
1761
1772
1805
1939
2126
239
518
705
1026
1148
1342
1352
1405
1632
1745
1891
1968
2020
2059
2073
2110
2263
2301
259
285
317
368
375
428
520
535
669
724
959
1013
1039
1062
1079
1122
1137
1142
1180
1202
1239
1357
1372
1414
1553
1668
1683
1723
1780
1846
1907
1920
1932
1967
2216
2264
2369
2371
2378
2381
73
119
204
209
225
271
336
390
456
546
590
711
713
728
732
759
771
776
794
845
878
883
1050
1121
1124
1161
1204
1292
1313
1354
1366
1384
1410
1435
1522
1575
1658
1725
1743
1802
1865
1906
1947
2039
2047
2057
2063
2101
2107
2140
2161
2191
2207
2212
2222
2303
2308
2314
45
120
164
370
484
587
597
615
642
651
823
891
908
984
1035
1053
1154
1159
1177
1248
1249
1298
1302
1304
1335
1356
1486
1512
1570
1641
1647
1667
1735
1771
1815
1827
1840
1922
1925
1963
1981
2041
2096
2196
2203
2236
2240
2246
2252
2254
2259
2262
2271
2278
2290
2305
2309
2321
2335
2359
2407
2423
2425
122
154
217
231
350
386
416
739
802
854
1297
1494
1507
1518
1586
1634
1649
1703
1839
1895
1935
1957
2000
2131
2144
2201
2260
2261
2317
2319
2354
2356
2391
2416
2417
2437
1176
1263
1810
1833
1888
2152
2247
2345
2422
2445
2447
1045
2443
766
316
1923
382
658
1385
1048
1642
2085
2318
840
1043
1271
158
215
253
365
758
940
1019
1277
1358
1438
1499
1651
1753
2102
2123
2146
2223
2286
68
224
585
589
628
936
1173
1350
1369
1386
1415
1470
1477
1568
1645
1670
1700
1845
1902
1930
1982
2015
2032
2081
2143
2177
2285
2311
2315
2338
2349
2365
2389
2393
2408
147
161
172
250
276
327
383
482
583
679
830
916
917
931
1228
1252
1274
1337
1348
1466
1525
1532
1545
1603
1611
1691
1816
1867
1878
1899
1919
1927
1936
1943
1966
1970
1990
2007
2098
2117
2145
2147
2149
2206
2226
2227
2249
2258
2267
2276
2289
2294
2327
2333
2353
62
115
303
397
409
480
516
632
665
717
750
836
930
933
1044
1072
1088
1101
1114
1147
1208
1211
1400
1493
1505
1523
1546
1579
1598
1612
1615
1628
1635
1663
1680
1681
1717
1718
1733
1741
1752
1757
1786
1813
1829
1838
1879
1894
1901
1934
1946
1961
1965
1972
1979
1988
2005
2017
2036
2040
2043
2052
2055
2072
2076
2097
2103
2109
2121
2165
2168
2172
2181
2183
2190
2202
2204
2211
2243
2272
2279
2312
2316
2358
2368
2380
2384
2386
2395
2397
2402
2404
2409
2414
2427
2430
2436
2442
22
292
377
408
479
488
489
880
970
1065
1093
1141
1168
1212
1247
1266
1280
1311
1321
1326
1338
1362
1401
1421
1480
1482
1533
1558
1605
1708
1730
1759
1794
1877
1887
1908
1915
1948
1955
1978
1987
2062
2084
2090
2108
2113
2135
2148
2151
2155
2159
2189
2192
2214
2232
2237
2244
2256
2277
2280
2297
2298
2302
2306
2310
2326
2330
2339
2341
2344
2352
2361
2382
2396
2400
2401
2410
2413
2415
2419
2420
2421
2440
447
1038
1491
1639
1740
1775
1889
1992
2050
2079
2268
2281
2283
2375
2385
2388
2390
2403
2411
2412
2418
2424
2429
2431
2433
2435
2439
2444
2351
2364
2394
2426
2432
2446
