376
207
531
74
49
277
29
143
453
176
562
393
320
189
194
6
256
474
281
667
173
193
541
87
200
509
297
251
155
184
533
141
236
325
502
595
558
3
275
473
229
58
317
84
25
140
330
435
572
120
364
192
240
34
639
488
81
858
153
522
230
203
39
106
233
76
628
215
547
48
391
259
97
20
78
30
695
112
687
526
16
459
31
103
418
211
489
40
726
273
430
341
492
302
521
565
310
197
119
375
421
21
258
167
51
633
278
574
209
93
204
365
584
556
269
96
166
513
827
469
318
404
920
190
405
897
742
530
303
634
624
674
961
367
27
108
23
305
692
395
511
700
750
812
736
904
50
253
1
249
470
28
17
10
159
755
231
477
790
603
333
760
478
4
380
659
610
61
304
186
44
257
620
372
536
323
63
1064
68
602
19
518
649
2
239
412
56
987
690
764
626
840
436
94
568
149
174
224
268
1005
445
638
771
793
555
361
147
906
218
716
889
394
67
181
440
641
360
932
214
463
66
316
392
580
597
309
