426
129
332
210
593
427
781
151
12
553
37
359
512
656
137
902
115
886
585
963
26
717
242
600
683
114
344
922
100
715
71
118
252
221
146
444
109
220
314
623
46
466
801
921
814
479
759
102
179
1034
187
1009
196
55
237
382
613
728
400
532
428
133
487
234
202
434
138
82
311
216
689
261
815
255
191
673
538
786
371
65
433
856
1042
1004
596
265
630
792
996
625
604
402
646
476
740
775
205
1066
162
148
150
666
351
845
295
938
860
969
527
749
250
15
110
1000
678
629
1024
642
785
519
152
446
647
160
374
461
676
381
62
471
410
287
882
907
417
59
1076
1022
472
354
811
225
751
517
848
175
135
413
260
121
590
327
758
679
984
997
1010
1062
388
247
415
195
294
1100
697
42
864
818
335
746
53
208
198
946
950
283
926
348
807
213
1054
282
900
468
45
366
498
559
1035
507
36
949
111
475
154
75
142
653
490
60
416
821
772
85
525
980
397
73
506
493
497
1089
409
450
500
917
1118
583
660
777
1061
847
499
508
77
136
1090
564
1080
770
979
130
486
916
1030
898
745
1047
799
238
386
315
313
480
704
1015
995
177
668
539
334
658
510
322
139
32
850
232
694
88
1058
460
973
943
957
89
431
308
953
339
549
843
1069
978
41
227
874
896
1036
899
609
645
972
1070
1084
648
64
134
117
126
99
1026
776
403
551
948
352
657
1017
448
606
747
276
824
1068
713
591
635
439
292
560
637
390
571
805
569
884
387
575
90
817
644
1099
842
329
244
970
505
739
803
622
98
401
301
733
383
1057
306
835
615
661
614
879
11
587
696
54
452
307
965
285
345
853
795
863
941
982
342
545
449
168
414
1125
983
1049
164
1046
804
990
223
763
962
841
441
496
1114
1071
185
199
877
542
411
905
425
554
514
338
738
693
503
350
820
577
124
516
592
131
132
959
909
1052
123
878
1037
113
22
300
618
849
868
988
544
570
267
956
974
228
1001
321
7
550
999
1067
467
170
875
643
702
165
455
706
13
38
616
432
780
940
663
0
104
451
378
266
748
356
828
1048
535
495
732
823
891
529
601
711
1045
806
284
729
844
954
1087
1094
893
722
822
331
712
741
552
1013
725
1016
128
263
566
699
834
918
548
705
819
1095
355
686
945
1074
1117
171
762
288
709
723
122
385
865
798
454
829
621
484
289
422
182
654
5
964
901
241
698
914
212
627
246
947
737
791
912
923
1059
279
986
324
652
18
543
754
859
83
116
830
942
1050
1101
226
1007
1115
563
598
156
183
272
340
576
714
810
816
1126
787
967
291
363
802
832
528
977
985
296
991
254
721
1038
161
419
1028
677
831
443
579
774
264
599
730
1103
955
520
384
347
588
107
501
326
976
24
838
271
14
883
1107
217
903
607
72
105
429
857
752
70
782
665
222
1078
158
298
357
851
981
248
1011
958
731
1020
95
188
299
611
578
861
794
890
913
994
573
1055
9
396
744
79
379
1083
718
924
784
998
312
346
675
349
605
671
773
1072
670
681
846
881
937
1012
1106
1040
1123
169
1097
92
1088
833
524
1063
797
989
873
688
866
1033
655
1023
1096
358
765
1032
789
885
952
368
465
915
1051
612
377
867
939
707
825
1111
930
1116
456
1065
1092
1121
743
1002
1082
586
442
1109
485
869
1091
1098
769
951
537
703
701
880
504
1086
8
157
373
800
1077
855
684
971
1029
86
540
662
398
1112
778
245
933
515
651
424
1027
286
753
993
669
594
91
163
557
672
1079
546
854
464
727
43
682
813
768
69
892
944
1025
1105
1120
462
809
757
206
481
619
494
57
319
927
872
437
101
1008
1003
343
438
447
876
895
837
1127
826
1108
1093
934
1006
567
337
631
680
761
735
975
389
534
406
1031
1110
243
47
144
1021
336
353
888
925
783
862
708
1129
369
280
632
582
262
968
581
617
836
1041
80
779
910
734
1075
145
274
960
720
839
270
640
1124
871
1073
172
710
887
919
178
1019
491
1081
1104
1113
966
290
767
894
52
608
796
756
482
724
1044
1056
33
420
1060
235
908
201
408
423
636
293
1122
457
328
561
180
928
589
766
852
931
691
808
935
1043
929
992
125
685
1102
911
362
1039
407
719
664
1018
1085
483
936
127
1053
370
458
219
35
870
788
650
1128
1014
523
1119
399
