256
211
376
448
181
14
205
516
397
342
379
687
392
43
631
1376
536
384
254
518
858
1063
1610
272
301
356
407
605
744
462
408
348
245
419
157
60
269
89
277
344
593
621
363
958
652
1078
1116
1040
718
105
100
341
557
1533
317
696
274
1293
313
776
323
1011
489
799
391
959
580
477
333
530
757
1244
1147
944
991
579
136
1676
236
1780
240
691
931
86
1136
1270
1120
64
310
1305
227
389
1204
1665
137
360
598
312
611
1552
161
955
2227
383
429
171
297
1732
281
797
992
1143
1209
1894
353
1707
187
1563
320
121
299
449
622
1238
70
587
996
1025
1001
1381
114
802
851
1043
645
905
61
597
548
918
190
113
247
1017
50
756
1074
1477
233
451
716
498
881
1020
1083
644
699
201
625
456
366
1095
735
1600
926
1349
314
318
2146
172
669
25
1437
206
427
1973
212
401
490
128
639
646
890
216
1489
186
322
779
300
614
710
1483
393
188
678
1173
1701
131
1075
1906
2493
823
963
1959
922
1004
3
84
1319
664
915
251
452
752
96
107
1322
485
759
332
87
220
506
995
1429
1457
2320
504
514
1118
1339
1495
81
367
1433
1714
160
174
804
1636
1638
642
1397
469
1716
58
230
388
410
450
1122
1859
22
641
715
860
961
1139
1857
1951
65
275
1359
130
246
725
1392
162
604
917
956
150
749
1112
59
243
829
1046
1119
1126
1664
897
1987
444
777
568
668
874
1331
1421
1719
42
142
418
438
737
358
1220
1640
6
179
350
973
1162
1866
2161
1224
1660
483
584
865
893
1103
1515
1845
2100
2172
766
945
1110
1899
2001
453
543
879
1008
158
834
942
98
577
801
1168
1178
1389
191
203
619
2344
177
250
1404
1706
1934
2302
1405
225
753
1098
1206
1924
1967
164
265
497
560
562
1441
76
93
852
1003
1290
1509
110
403
674
782
925
994
1417
1685
2022
2224
80
198
648
723
1029
1207
1212
1242
73
271
900
968
2178
2197
324
1659
1696
1273
1874
1911
2138
52
116
125
476
1315
1503
202
259
311
399
416
793
940
103
263
293
295
927
1760
2057
2076
94
385
446
493
566
1036
1111
1922
1946
2071
2299
19
165
690
888
1187
1658
1885
2423
2540
146
163
268
473
623
1191
1384
1471
1492
1571
1863
2425
32
226
316
346
747
760
947
1188
1783
2032
207
260
339
368
398
685
811
1124
1504
1506
1526
1908
643
1805
1826
2214
784
930
1718
1876
2174
63
487
494
522
39
141
447
596
679
731
839
873
1253
1395
38
371
556
847
949
1407
40
83
981
1605
258
689
962
1337
1551
1691
1929
2126
170
214
466
525
711
780
794
817
1539
1553
1695
2014
2232
41
195
210
349
400
459
694
707
762
588
1465
