1486
90
135
183
541
1032
1106
1353
1538
1972
2620
809
920
1015
1197
1295
1557
1904
1919
11
1132
1592
1854
2048
12
17
422
442
754
830
948
1099
1117
1199
1363
1456
1632
1634
1736
1791
1996
18
57
156
192
739
1447
1613
1772
2203
2311
503
535
867
1898
2018
2127
941
1038
1789
2370
375
950
1012
1060
1375
1439
1746
2068
2366
75
115
653
908
1226
1265
1298
1458
1816
2617
92
330
488
855
883
1249
1263
1835
2284
2490
2507
308
863
1565
1656
1781
2484
153
523
564
574
576
761
796
1388
1824
1976
2642
30
49
382
1057
1130
1271
1491
1591
1624
1722
2266
2280
151
248
327
423
657
1612
1928
2099
471
502
547
602
618
751
984
1267
1402
2104
2336
2527
4
194
302
470
478
537
1221
1400
1425
1990
7
298
1000
1125
1171
1333
1459
1536
1559
1756
1801
1830
2166
2353
2415
20
352
467
474
507
599
613
864
989
1108
1473
1618
1802
1821
1855
241
325
513
629
978
1269
1561
1903
1942
1974
2027
2088
2238
2418
2520
2544
185
378
431
534
572
592
650
877
1049
2036
2092
2113
2235
127
184
287
288
390
700
746
1163
1198
1301
1737
1758
1864
1892
2467
2552
519
553
712
932
1476
1534
1646
1715
1785
1794
1850
1858
2294
2326
2633
47
109
395
684
740
818
885
1052
1304
1464
1521
1572
1580
1606
1617
1743
1774
2202
2231
420
659
677
953
997
1010
1228
1262
1347
1882
2040
2303
88
291
351
413
468
551
840
1089
1175
1324
1330
1406
1420
1468
1811
2044
2067
2109
2151
2421
2434
2478
97
662
675
750
808
832
854
889
1027
1053
1268
1280
1357
1424
1542
1694
1793
1798
1907
106
178
666
822
1109
1166
1174
1462
1684
1941
1957
2110
2210
95
209
435
640
788
1022
1414
1418
1461
1992
2261
2648
122
132
208
315
484
1158
1314
1346
1544
1641
1970
1981
2115
2252
2365
304
417
709
748
910
967
1138
1229
1335
1463
1726
1799
2188
2295
2315
2393
2438
2457
2463
2622
16
72
74
111
296
380
563
1208
1247
1365
1790
1838
1986
2157
2237
2392
2505
377
411
515
540
573
795
806
849
975
1102
1234
1260
1266
1657
1738
1871
2241
108
343
486
520
682
764
1006
1070
1121
1213
1232
1512
1637
1739
1745
1883
1932
1933
1954
2007
2134
2335
2367
2461
2524
26
45
213
234
714
778
803
842
846
903
951
1105
1586
1782
2012
2025
2052
2058
2061
2108
2458
51
285
290
491
634
906
1091
1182
1252
1320
1403
1642
1649
1667
1674
1698
1731
1766
1792
1846
1956
2015
2039
2083
2124
2318
2348
319
439
460
636
693
728
857
980
1113
1155
1251
1287
1308
1390
1633
1829
1851
2498
2512
2640
2649
2
139
235
238
357
660
661
1133
1302
1419
1532
1556
1905
1960
2008
2019
2064
2095
2165
2215
2431
2454
2563
27
175
381
976
1172
1620
1686
1896
1935
2265
2312
168
279
309
654
783
862
1024
1157
1245
1281
1436
1493
1554
1576
1661
2121
2380
2395
2492
66
167
559
745
816
848
934
1044
1066
1072
1261
1332
1497
1728
2362
2514
2534
8
509
606
738
741
786
819
1062
1092
1394
1496
1525
1621
1643
1764
1808
1923
2102
2530
2545
2605
229
255
626
701
916
921
1035
1218
1296
1479
1562
1626
1803
1944
1965
2107
2163
2204
2269
2279
2323
2334
9
433
929
1016
1192
1362
1382
1427
1537
1585
1725
1844
1847
1915
2082
2253
2404
2435
2637
10
340
370
454
704
729
787
1129
1274
1307
1517
1575
1918
1964
2191
2222
2268
2345
2469
2531
173
239
249
253
280
306
428
558
633
769
876
939
999
1018
1076
1128
1150
1211
1325
1478
1490
1508
1577
1666
1761
1762
1820
1938
2063
2069
2119
2277
2360
2430
2525
29
147
166
182
337
354
365
434
464
651
663
755
872
977
1056
1233
1351
1355
1413
1593
1651
1771
1865
1920
1940
2180
2223
2355
2383
102
223
286
345
481
630
732
734
911
982
1039
1050
1193
1278
1560
1950
1984
2029
2321
2444
31
55
149
328
827
1149
1256
1306
1321
1329
1372
1470
1619
1673
1734
1962
1969
2077
2145
2411
2494
2645
5
117
224
532
688
703
726
924
938
1051
1518
1625
1635
1677
1767
1827
1948
2047
2209
2219
2233
2455
2549
143
294
372
480
552
671
708
770
964
1071
1159
1235
1342
1358
1614
1678
1730
1800
1878
2118
2182
2230
2451
362
426
673
733
820
880
1021
1299
1328
1432
1446
1520
1604
1607
1822
1925
1961
2045
2090
2143
2217
2245
2282
2358
2419
2529
2573
2585
197
404
505
570
789
1023
1144
1183
1318
1343
1369
1475
1488
1569
1770
1868
1887
1917
1945
2140
2160
2225
2226
2459
2522
2553
138
140
180
257
282
828
835
919
1005
1216
1276
1336
1378
1434
1564
1598
1616
1672
1735
1786
1926
1993
2141
2142
2308
2440
2485
82
129
232
252
261
338
406
455
670
683
774
814
825
856
935
1041
1048
1141
1167
1202
1283
1438
1751
1862
1991
2031
2074
2097
2135
2170
2273
2385
2396
2406
2413
2479
2488
2506
2554
154
443
637
826
844
884
1002
1077
1237
1243
1257
1410
1422
1454
1455
1494
1541
1724
1763
1814
1955
1978
2094
2131
2133
2189
2193
2211
2249
2316
2409
2468
2627
34
37
159
276
289
396
412
555
583
616
656
698
719
720
727
772
861
1090
1316
1327
1505
1523
1599
1768
1825
2000
2065
2072
2117
2309
2376
2410
2460
2497
2542
2561
2572
2578
284
305
409
529
538
681
742
845
904
928
1013
1127
1239
1272
1275
1312
1317
1340
1361
1379
1386
1443
1444
1648
1752
1819
1840
1860
1958
1985
1999
2041
2101
2260
2283
2317
2391
2394
2400
2447
54
237
430
437
463
612
713
763
868
914
990
1026
1067
1073
1093
1097
1364
1469
1629
1713
1754
1841
1852
1909
2310
2351
2521
2533
2558
2583
2598
2663
35
364
601
635
697
768
821
943
1033
1189
1356
1367
1450
1501
1529
1574
1615
1687
1788
1853
2051
2056
2093
2123
2153
2213
2292
2378
2474
2654
126
218
461
465
624
680
695
790
960
969
1146
1148
1196
1383
1387
1409
1426
1431
1514
1742
1916
2002
2158
2243
2271
2275
2330
2347
2354
2450
2626
283
307
501
524
527
610
620
649
887
901
902
986
1079
1085
1088
1154
1160
1169
1231
1348
1370
1412
1445
1451
1543
1711
1712
1744
1779
1817
1839
1849
1953
2006
2038
2055
2122
2148
2200
2228
2257
2322
2375
2417
2441
2601
2608
2644
85
222
495
581
590
595
665
859
898
1014
1115
1123
1137
1145
1195
1241
1259
1282
1334
1373
1428
1548
1623
1644
1669
1749
2030
2043
2304
2331
2350
2357
2369
2632
2672
91
148
500
569
638
686
966
971
1107
1140
1151
1186
1215
1250
1291
1311
1352
1377
1531
1568
1579
1581
1627
1680
1692
1699
1705
1740
1775
1787
1834
1861
1931
1963
2033
2075
2156
2289
2307
2319
2364
2389
2403
2437
2453
2509
2510
2664
0
48
71
99
215
217
394
526
578
589
692
791
805
923
1181
1214
1277
1401
1423
1435
1530
1570
1582
1587
1588
1594
1652
1662
1663
1682
1720
1755
1831
1869
1873
1886
1893
1900
2003
2005
2009
2080
2220
2297
2477
2503
2538
2546
2560
2565
2582
2650
2658
24
374
457
458
600
615
632
667
706
724
771
871
1058
1104
1176
1203
1366
1391
1511
1583
1717
1733
1842
1939
2017
2114
2173
2181
2184
2221
2239
2267
2446
2528
2571
2581
2606
2614
2635
2638
155
196
329
402
421
492
607
736
773
824
972
993
1042
1055
1082
1165
1323
1371
1398
1481
1498
1595
1647
1650
1693
1778
1804
1833
1947
1980
1994
1997
2053
2084
2111
2120
2154
2167
2187
2250
2263
2278
2449
2481
2517
2599
2604
2611
2613
2646
21
33
62
152
193
270
432
545
550
730
767
807
833
875
983
1037
1068
1142
1152
1153
1326
1350
1408
1460
1472
1487
1500
1507
1566
1630
1639
1679
1683
1704
1729
1765
1776
1823
1901
1902
2016
2212
2218
2254
2256
2270
2300
2368
2374
2398
2408
2422
2443
2465
2471
2616
2668
15
496
546
575
608
812
954
985
1059
1210
1449
1550
1645
1807
1884
1890
1966
2026
2049
2139
2169
2382
2402
2407
2412
2462
2500
2516
2539
2547
2596
2639
2641
77
264
326
386
475
571
672
781
1019
1028
1065
1081
1156
1170
1217
1219
1292
1294
1297
1485
1524
1608
1622
1723
1927
1971
2004
2070
2089
2096
2144
2149
2177
2190
2296
2324
2325
2356
2373
2464
2634
2652
2653
231
292
414
415
765
831
838
899
965
1030
1034
1222
1240
1399
1440
1467
1482
1596
1727
1741
1753
1810
1913
1937
1998
2023
2042
2054
2129
2195
2293
2482
2499
2508
2584
2592
2612
2675
334
335
387
424
721
891
892
957
1007
1045
1100
1230
1310
1573
1609
1611
1671
1675
1689
1703
1748
1795
1796
1837
1912
1936
2105
2136
2155
2194
2285
2314
2327
2352
2359
2381
2439
2452
2456
2473
2491
2590
2593
2660
204
219
405
436
647
655
743
870
936
974
1054
1069
1086
1096
1134
1179
1194
1254
1279
1313
1430
1474
1502
1516
1558
1628
1708
1750
1832
1870
1921
1968
2137
2274
2332
2333
2342
2372
2424
2470
2537
2557
2569
2603
2628
2661
112
244
262
267
355
479
585
937
1061
1101
1180
1184
1354
1360
1385
1777
1815
1836
2034
2066
2183
2401
2414
2427
2429
2496
2566
2567
2577
2636
2643
2662
2667
2673
78
176
221
544
952
1200
1303
1368
1380
1448
1670
1759
1988
2059
2073
2079
2179
2281
2287
2290
2384
2387
2526
2535
2579
2625
2670
104
144
169
199
242
278
359
676
798
810
836
841
979
1164
1190
1338
1452
1480
1773
1813
1848
1895
1949
2020
2086
2091
2125
2198
2216
2229
2234
2244
2264
2390
2445
2562
2657
119
266
472
539
628
702
866
886
894
987
988
1135
1161
1185
1205
1255
1289
1396
1442
1690
1797
1875
1914
2060
2106
2147
2175
2186
2240
2313
2328
2338
2340
2363
2397
2420
2426
2476
2502
2589
36
53
79
101
118
303
511
549
717
792
815
878
1341
1499
1527
1547
1700
1710
1879
1891
1897
2128
2152
2242
2305
2339
2511
2513
2532
2647
2656
28
46
228
373
440
800
1236
1258
1288
1415
1484
1535
1584
1597
1631
1688
1989
2087
2103
2159
2199
2248
2288
2501
2523
2586
120
123
189
347
594
627
758
785
998
1047
1080
1300
1513
1540
1590
1697
1952
2021
2037
2078
2116
2171
2349
2371
2399
2405
2556
2574
2609
2610
134
441
445
528
705
722
853
896
907
1031
1094
1264
1344
1416
1453
1843
2132
2164
2176
2472
2483
2489
2570
2655
56
67
68
582
775
895
1084
1246
1284
1374
1393
1522
1589
1681
1709
1769
1818
1881
1910
1930
1943
2046
2162
2208
2251
2276
2495
2519
2564
2594
2631
2651
124
133
813
850
1225
1285
1411
1602
1747
1856
2062
2081
2185
2205
2236
2259
2272
2286
2386
2518
2551
2555
2559
2674
425
499
603
837
843
933
946
1248
1545
1546
1549
1784
1889
1979
2024
2035
2112
2206
2247
2329
2343
2346
2377
2428
2433
2543
2550
2587
2607
2615
2621
2669
44
508
912
1064
1177
1528
1578
1654
1655
2196
2207
2486
2597
2602
2659
273
586
913
1223
1466
1519
1668
1872
1877
1888
2255
2306
2591
2671
517
533
567
1227
1309
1653
1828
1867
1977
2150
2201
2442
2448
2475
2487
69
531
609
1345
1721
1757
2258
2262
2291
2341
2515
2618
2629
13
331
512
554
882
1567
1995
2013
2050
2130
2246
2298
2337
2436
2480
2541
2575
2595
2600
361
482
510
565
617
909
1131
1201
1603
1982
2011
2388
2580
2666
1555
1975
2010
2192
2576
2588
591
869
1087
1806
1880
1983
2098
2361
2619
2676
321
658
1114
2301
2416
2623
23
200
521
561
1702
2168
2536
2665
1
336
2548
145
1009
1809
1812
2379
2504
1286
970
2028
2466
2624
2630
1510
2085
542
369
1601
2432
2568
