0	260	5 
0	642	4 
0	742	5 
0	820	5 
0	1157	4 
0	1276	5 
1	1278	4 
2	746	5 
3	688	2 
6	540	5 
6	816	5 
7	149	4 
7	1270	4 
8	308	5 
8	599	5 
8	839	5 
8	1145	4 
9	436	5 
9	1293	3 
9	1678	5 
12	1157	5 
13	446	4 
13	533	4 
14	16	4 
14	67	4 
14	221	4 
14	800	4 
15	907	3 
15	1314	5 
16	261	5 
16	878	5 
17	850	5 
17	1268	5 
18	67	4 
18	820	5 
19	845	4 
20	203	5 
20	211	5 
20	1008	5 
21	985	5 
21	1322	4 
23	706	4 
25	124	4 
25	153	5 
25	790	4 
26	0	3 
26	50	5 
26	459	5 
26	920	4 
26	1070	4 
26	1295	4 
27	834	1 
27	1318	4 
28	938	5 
28	1208	3 
28	1310	2 
30	832	4 
30	953	4 
30	1292	3 
32	535	5 
33	44	2 
33	116	5 
33	117	5 
33	422	5 
33	531	4 
33	810	4 
35	168	5 
35	349	4 
35	691	4 
36	725	3 
37	168	3 
37	363	4 
37	465	4 
37	788	5 
37	1440	4 
38	208	4 
38	290	5 
38	633	5 
38	704	4 
38	824	3 
38	837	2 
38	1040	3 
38	1353	4 
38	1460	3 
40	758	5 
41	569	4 
41	1235	3 
43	1478	5 
44	229	5 
44	592	5 
44	607	5 
45	659	3 
46	1118	5 
48	449	4 
48	833	2 
49	208	3 
49	298	5 
49	309	5 
49	1078	5 
49	1500	5 
51	540	5 
51	601	5 
51	1172	4 
52	308	4 
52	1040	3 
52	1045	5 
52	1093	3 
52	1158	4 
52	1722	4 
53	387	5 
53	1294	5 
53	1726	5 
54	556	5 
54	1205	5 
55	835	5 
57	680	5 
58	168	3 
58	246	3 
58	308	5 
58	465	4 
58	491	2 
58	614	4 
58	783	4 
58	835	5 
58	1155	4 
58	1165	4 
58	1478	4 
58	1709	5 
59	563	4 
62	89	2 
62	153	5 
62	197	5 
62	384	3 
62	1111	5 
63	43	5 
65	563	3 
65	748	5 
66	932	5 
66	1161	2 
67	543	5 
67	1641	4 
70	30	5 
70	170	5 
70	208	3 
70	1072	4 
70	1089	4 
70	1348	4 
71	835	4 
71	926	5 
72	376	3 
72	378	4 
72	436	4 
72	723	4 
72	963	4 
72	1203	4 
73	398	3 
74	871	5 
75	447	3 
75	817	3 
76	872	1 
77	970	5 
78	204	4 
79	140	5 
79	224	5 
79	271	4 
79	485	5 
79	1222	4 
79	1441	4 
79	1558	4 
80	376	3 
80	935	5 
81	109	5 
83	99	5 
83	921	5 
84	44	2 
84	1700	5 
85	240	4 
85	260	5 
85	363	5 
85	516	3 
85	834	4 
85	1041	2 
85	1070	3 
86	298	2 
86	802	2 
86	1015	3 
87	774	5 
87	943	5 
89	273	3 
89	548	5 
90	605	5 
91	1004	5 
92	574	3 
93	116	5 
93	239	4 
93	1187	5 
93	1711	5 
94	958	5 
94	1319	1 
95	436	5 
95	1732	5 
96	215	5 
96	255	4 
96	729	4 
96	1098	4 
96	1374	5 
97	316	5 
98	136	4 
98	173	4 
98	335	5 
98	729	5 
98	1463	5 
99	471	5 
99	549	3 
99	1557	5 
100	677	4 
101	688	4 
101	1093	4 
102	1150	4 
104	363	5 
104	1413	5 
105	223	5 
105	1092	4 
107	1160	5 
107	1279	3 
107	1584	5 
108	229	5 
108	633	5 
108	1339	5 
109	344	5 
109	437	5 
109	490	4 
109	636	5 
109	667	5 
109	1469	5 
111	9	5 
111	153	5 
111	161	3 
111	234	5 
111	670	5 
111	727	5 
111	857	5 
111	1252	5 
112	12	5 
113	268	4 
114	1242	3 
115	72	5 
115	190	4 
115	1081	4 
116	268	4 
117	111	5 
117	157	3 
117	177	4 
117	182	3 
117	227	1 
118	25	5 
118	363	5 
119	423	5 
119	542	4 
119	1388	4 
120	913	4 
121	13	4 
121	579	4 
121	633	4 
121	809	3 
121	1464	4 
122	70	5 
122	363	5 
122	1464	4 
124	861	5 
124	943	5 
124	959	5 
124	1054	5 
124	1063	5 
126	178	3 
126	596	4 
126	1072	5 
126	1503	5 
127	199	5 
128	411	4 
129	319	5 
129	1662	5 
130	398	4 
130	1609	5 
131	1634	5 
134	130	3 
134	206	4 
134	751	4 
134	1145	5 
135	13	4 
135	68	4 
135	238	3 
135	404	5 
135	548	4 
135	549	3 
135	818	4 
135	1257	5 
135	1468	4 
136	260	5 
136	812	4 
136	969	4 
136	1159	4 
136	1295	4 
137	397	5 
137	856	5 
138	261	5 
138	479	3 
138	1532	1 
143	638	3 
143	670	5 
143	1455	4 
143	1607	4 
144	1668	5 
145	253	4 
145	1239	3 
146	288	3 
146	487	2 
146	1537	4 
147	30	5 
147	472	4 
147	925	5 
148	12	4 
148	591	5 
148	1259	2 
149	228	3 
149	349	5 
149	982	3 
150	98	4 
150	543	4 
151	1636	5 
152	526	4 
152	1214	5 
152	1606	5 
152	1691	5 
153	887	5 
153	970	5 
155	580	5 
155	843	5 
156	322	3 
157	498	5 
157	1004	4 
158	239	4 
159	758	5 
160	870	5 
161	242	4 
161	1307	2 
162	239	4 
162	1089	4 
162	1586	5 
163	249	5 
163	590	5 
163	1686	5 
164	361	3 
164	888	2 
165	23	5 
165	401	5 
165	668	5 
165	714	5 
165	850	5 
165	1007	5 
165	1397	5 
167	608	5 
168	234	4 
168	774	5 
169	206	4 
169	838	5 
170	1376	4 
172	128	5 
173	817	3 
173	1721	2 
174	422	5 
174	449	5 
174	785	3 
174	1319	2 
175	57	2 
176	1678	3 
178	210	5 
178	1378	5 
178	1731	4 
179	1092	5 
181	1556	4 
182	778	4 
184	444	5 
185	1695	5 
188	485	4 
188	614	5 
188	734	5 
188	935	4 
188	1332	5 
189	648	5 
189	841	5 
189	1706	5 
190	122	4 
190	400	3 
190	765	4 
190	1106	4 
191	4	5 
191	1004	4 
194	99	3 
195	49	4 
195	873	4 
195	1232	4 
195	1274	4 
195	1292	5 
195	1642	4 
195	1715	4 
196	837	4 
196	1167	5 
198	408	3 
198	843	5 
198	1261	5 
200	102	4 
200	1587	2 
200	1590	5 
201	447	3 
201	471	4 
201	1288	4 
202	216	5 
202	446	5 
202	1521	4 
203	623	4 
203	854	4 
203	965	4 
203	967	4 
203	1570	4 
203	1603	4 
203	1699	5 
207	160	5 
207	821	4 
209	560	4 
209	678	3 
209	727	5 
209	754	5 
210	73	3 
210	300	3 
210	311	3 
210	325	4 
210	1455	4 
210	1710	3 
210	1732	5 
211	139	4 
211	361	4 
211	874	4 
211	1040	4 
211	1364	3 
212	502	2 
212	727	4 
212	728	4 
212	747	3 
212	882	3 
213	117	3 
213	453	5 
213	470	4 
214	434	5 
214	723	3 
215	85	4 
215	408	4 
215	681	3 
216	351	5 
217	128	5 
217	537	3 
217	949	4 
218	949	4 
220	98	5 
220	573	2 
220	832	5 
220	1156	4 
221	12	5 
221	407	4 
222	239	4 
222	1521	4 
222	1618	3 
223	1	5 
223	249	5 
223	532	5 
223	1369	4 
223	1430	5 
224	16	5 
225	161	1 
225	552	4 
225	1258	3 
226	80	5 
226	1607	5 
229	915	5 
230	29	5 
230	44	5 
230	91	3 
230	361	5 
230	431	5 
230	454	5 
230	645	5 
230	688	2 
230	1557	5 
231	592	4 
231	1443	4 
232	18	3 
232	728	3 
233	244	4 
233	1091	4 
234	652	4 
234	1088	4 
235	437	4 
235	1048	5 
235	1318	5 
236	0	3 
236	658	3 
237	1584	5 
238	485	4 
239	223	5 
240	116	4 
240	1318	5 
241	742	2 
241	817	2 
242	1101	4 
243	1287	5 
246	63	4 
246	256	4 
246	349	5 
246	364	4 
246	452	4 
246	521	4 
246	627	3 
246	973	4 
246	1313	4 
246	1334	3 
246	1731	4 
247	577	5 
248	862	4 
249	165	3 
249	906	5 
250	1620	5 
251	153	4 
251	460	3 
251	820	4 
251	993	5 
251	1259	2 
251	1295	4 
251	1408	4 
251	1449	4 
251	1659	3 
252	34	5 
252	470	4 
254	78	4 
256	673	5 
257	1383	5 
258	472	5 
258	1101	5 
259	500	4 
259	814	4 
263	123	5 
263	608	5 
264	25	5 
264	223	4 
264	708	5 
264	868	5 
264	1079	5 
264	1613	5 
266	1263	5 
266	1532	5 
267	393	5 
267	492	5 
267	975	3 
267	1154	5 
268	900	5 
269	437	5 
270	1281	4 
271	1289	4 
272	285	3 
272	524	5 
272	961	4 
273	13	4 
273	372	5 
273	1205	3 
274	276	4 
274	915	4 
274	1293	3 
274	1372	4 
274	1532	3 
274	1549	4 
275	1397	5 
276	1697	5 
278	29	5 
278	225	3 
278	309	5 
278	1033	5 
279	760	3 
279	915	4 
280	1383	5 
281	235	4 
281	1063	3 
282	337	5 
283	120	5 
283	529	5 
283	1185	5 
284	169	2 
284	956	4 
285	243	4 
286	1042	5 
286	1372	3 
287	1235	5 
287	1599	5 
288	483	3 
288	778	4 
289	370	5 
290	308	5 
290	1394	5 
290	1623	5 
291	144	5 
291	146	5 
291	719	4 
291	881	5 
291	972	2 
291	1062	5 
293	185	5 
293	517	4 
294	45	3 
294	72	4 
294	102	4 
294	674	3 
295	811	5 
295	1629	5 
296	235	4 
296	555	5 
298	13	3 
298	104	3 
298	1293	3 
300	101	5 
300	845	5 
301	538	4 
302	796	5 
302	965	4 
302	1319	2 
302	1448	5 
303	843	5 
303	1525	3 
304	100	5 
306	1513	5 
307	559	4 
307	1096	3 
308	118	4 
310	497	5 
310	1030	4 
312	1013	2 
312	1317	4 
312	1660	3 
313	104	4 
313	589	4 
313	736	3 
315	593	4 
315	1255	4 
317	754	5 
318	263	5 
318	531	5 
318	1334	4 
318	1680	4 
319	241	5 
319	311	4 
319	396	4 
319	400	3 
319	1297	4 
319	1710	4 
321	668	5 
322	209	5 
322	300	4 
322	417	5 
322	580	5 
323	981	4 
324	91	4 
324	173	3 
324	243	5 
324	298	5 
324	352	2 
324	1174	3 
325	653	3 
327	1467	5 
328	84	3 
328	806	5 
328	1621	5 
330	555	5 
330	1396	4 
332	45	5 
332	81	5 
332	122	5 
332	330	4 
334	68	4 
334	176	2 
334	776	3 
334	911	4 
335	107	5 
335	697	5 
335	1028	4 
336	799	4 
336	1367	5 
337	702	3 
337	748	4 
337	1100	5 
337	1299	4 
337	1664	5 
338	255	3 
338	1158	5 
339	9	5 
339	1208	4 
340	667	4 
340	763	5 
341	736	3 
342	64	5 
343	624	5 
343	1042	5 
344	1363	4 
345	532	5 
345	1148	5 
345	1506	3 
347	807	5 
347	1254	5 
348	142	5 
348	585	5 
348	722	5 
348	1385	5 
349	164	5 
349	1255	5 
350	41	5 
350	118	5 
350	335	4 
350	491	5 
350	809	4 
350	847	3 
350	937	4 
350	1037	3 
351	9	4 
351	99	4 
351	457	4 
351	673	5 
355	285	4 
355	338	4 
357	901	5 
358	117	1 
358	471	3 
358	1720	3 
359	621	4 
359	860	4 
360	1295	4 
361	1651	5 
362	776	4 
362	840	4 
362	979	5 
363	698	4 
363	751	4 
363	1141	4 
363	1295	4 
364	479	5 
364	965	5 
364	1314	5 
367	730	4 
368	63	5 
368	551	4 
368	702	3 
368	1017	5 
368	1414	4 
369	12	5 
369	16	5 
369	264	4 
373	80	5 
375	334	4 
375	471	4 
375	917	3 
376	315	5 
376	734	5 
376	811	5 
376	1418	5 
377	27	2 
377	227	2 
377	307	3 
377	537	3 
377	599	4 
378	450	5 
378	641	5 
378	1594	5 
379	648	2 
379	694	3 
379	1068	3 
379	1299	3 
379	1364	2 
380	271	4 
381	511	3 
381	698	4 
381	1156	4 
381	1180	4 
381	1357	4 
382	221	5 
382	1101	5 
384	253	2 
384	710	4 
385	1300	5 
385	1343	5 
393	388	4 
394	18	4 
395	1109	5 
395	1113	4 
397	505	5 
398	65	4 
398	1414	4 
400	1241	3 
401	485	4 
401	757	1 
402	32	4 
402	1295	5 
403	101	3 
403	369	5 
403	1469	4 
405	152	5 
405	421	5 
405	516	4 
405	621	3 
405	1678	4 
408	84	2 
409	158	5 
409	633	5 
410	125	5 
410	208	3 
410	460	4 
410	1442	3 
410	1567	5 
412	271	5 
412	569	3 
412	1324	4 
413	383	5 
413	413	5 
413	537	5 
413	986	5 
413	1556	4 
413	1682	5 
414	479	4 
414	569	4 
414	991	4 
414	1143	4 
415	219	4 
415	246	3 
415	280	4 
415	522	2 
415	1640	5 
416	222	4 
416	432	4 
416	478	3 
416	708	4 
416	797	3 
416	888	2 
416	1261	4 
417	1038	5 
417	1194	4 
417	1731	2 
418	74	5 
418	360	5 
419	80	5 
419	1390	5 
420	668	2 
421	937	5 
421	1504	4 
422	432	3 
422	902	5 
424	599	4 
424	702	4 
424	1111	4 
424	1455	3 
426	1	3 
426	827	3 
428	88	3 
428	193	3 
428	422	5 
428	497	5 
428	594	3 
428	1302	4 
430	1006	5 
430	1439	4 
432	278	5 
433	552	5 
433	622	5 
433	938	5 
433	1112	5 
434	121	5 
436	1368	5 
439	567	4 
439	616	4 
439	782	5 
440	46	4 
440	667	2 
440	720	4 
440	986	5 
441	284	3 
441	1215	5 
442	1523	5 
443	223	4 
443	462	3 
443	561	4 
443	638	3 
443	810	5 
443	938	4 
443	1388	5 
443	1501	5 
445	582	4 
447	1081	3 
448	30	5 
448	244	5 
448	284	4 
448	285	4 
448	301	4 
448	708	5 
448	1187	5 
449	500	4 
449	533	4 
449	549	3 
449	896	4 
449	1247	3 
450	619	4 
450	620	5 
450	730	4 
450	1051	4 
450	1288	4 
451	1130	4 
452	767	5 
452	1452	4 
453	110	4 
453	753	5 
453	859	3 
454	120	5 
454	1371	5 
454	1463	3 
455	983	5 
456	216	5 
456	885	4 
458	1334	4 
461	134	4 
462	1378	5 
463	408	3 
463	449	5 
463	726	4 
464	105	5 
464	578	5 
464	1163	3 
466	496	5 
466	1586	4 
467	173	3 
467	1368	4 
468	1187	4 
470	26	5 
470	240	5 
471	171	5 
471	655	4 
474	239	3 
474	688	2 
476	96	5 
476	366	4 
476	568	4 
476	686	5 
476	736	4 
476	1550	5 
478	62	5 
478	637	4 
480	347	3 
481	599	4 
481	1310	3 
482	467	4 
483	857	5 
484	38	4 
484	275	4 
485	21	5 
485	1023	5 
485	1196	5 
486	532	5 
486	758	5 
486	1117	5 
487	929	5 
488	261	3 
488	577	5 
488	942	4 
488	1382	4 
489	233	2 
489	1462	5 
489	1628	3 
490	220	4 
491	226	4 
491	355	4 
491	857	4 
493	89	4 
493	152	5 
493	288	5 
493	304	5 
493	870	5 
494	919	4 
495	839	5 
496	755	4 
497	75	4 
497	463	5 
498	749	4 
499	1358	4 
500	422	4 
500	748	5 
500	1111	4 
500	1187	5 
500	1576	4 
501	610	5 
502	315	2 
502	397	4 
502	1007	4 
502	1246	5 
502	1256	5 
502	1303	3 
503	583	3 
503	849	4 
503	984	4 
505	405	4 
506	786	4 
506	893	4 
506	957	4 
507	704	3 
507	759	2 
508	1270	5 
508	1590	5 
511	488	3 
511	673	5 
511	864	5 
511	944	5 
511	1092	5 
512	107	5 
512	752	5 
512	1150	3 
513	612	5 
513	743	5 
513	1121	5 
513	1178	5 
513	1325	5 
513	1399	5 
513	1471	5 
513	1600	5 
514	1285	4 
515	1058	4 
516	78	4 
517	350	5 
517	520	5 
517	539	5 
517	580	5 
517	953	5 
517	954	5 
518	1464	5 
519	220	5 
519	400	3 
519	792	5 
519	1205	3 
520	1056	4 
520	1667	4 
521	108	5 
521	202	5 
521	224	5 
521	1010	3 
521	1592	5 
522	215	4 
522	239	1 
522	883	5 
523	353	4 
525	61	5 
525	697	5 
527	140	4 
527	343	4 
527	1548	3 
530	703	4 
530	1222	4 
531	1483	4 
532	970	5 
532	1166	5 
534	473	5 
534	1498	5 
535	539	5 
535	979	5 
535	1469	4 
535	1637	4 
536	3	4 
536	68	5 
536	300	5 
536	539	3 
536	744	4 
536	778	4 
536	887	5 
536	934	4 
536	954	5 
536	1092	5 
536	1400	3 
537	220	5 
537	795	5 
537	1666	4 
538	99	5 
538	592	4 
541	150	5 
541	608	3 
541	703	3 
542	179	5 
542	202	5 
543	566	4 
543	1425	5 
544	96	5 
544	855	4 
545	353	5 
545	1450	5 
547	146	5 
547	237	5 
547	332	5 
547	792	5 
547	1563	4 
549	361	4 
550	926	4 
551	1706	4 
552	898	5 
553	490	4 
555	220	3 
555	341	5 
555	1453	5 
556	286	5 
557	99	3 
557	538	4 
557	1216	4 
558	438	5 
558	913	5 
558	1111	5 
558	1310	5 
559	889	5 
559	1048	4 
559	1250	4 
559	1440	4 
560	1564	3 
560	1617	3 
561	1159	4 
562	1611	5 
563	472	5 
563	480	5 
563	727	5 
563	857	5 
563	1092	5 
563	1117	5 
563	1598	5 
565	97	4 
565	217	3 
565	485	4 
565	637	2 
566	122	5 
566	223	4 
566	300	4 
566	605	4 
566	684	3 
566	917	4 
567	34	5 
567	303	5 
567	465	4 
567	1432	3 
567	1548	4 
568	1328	2 
570	839	3 
570	986	5 
570	1194	5 
570	1320	2 
571	19	5 
574	741	5 
575	1388	5 
576	845	5 
576	997	5 
576	1248	5 
576	1303	5 
576	1665	5 
577	273	4 
577	749	4 
578	735	3 
579	565	5 
579	634	5 
579	698	5 
579	938	5 
580	679	5 
581	840	5 
581	1174	5 
581	1216	4 
584	595	5 
584	1368	5 
585	632	4 
585	1203	4 
587	647	4 
588	424	5 
589	274	5 
590	980	4 
591	723	3 
592	1712	5 
593	50	5 
593	496	4 
593	722	5 
593	1169	5 
594	261	5 
594	434	5 
594	1511	3 
595	413	5 
596	1003	3 
597	1164	5 
600	1724	4 
601	74	5 
601	730	4 
602	526	4 
603	279	5 
603	1065	3 
603	1335	3 
603	1587	3 
604	1489	5 
605	1079	5 
606	1208	4 
607	163	5 
607	198	5 
607	242	5 
607	449	4 
607	809	4 
607	867	3 
607	1180	5 
609	402	4 
609	1329	4 
609	1678	5 
612	772	5 
613	182	4 
613	432	5 
613	452	4 
613	499	4 
613	901	5 
613	1669	4 
615	1255	5 
616	785	5 
616	935	5 
618	150	5 
618	316	4 
618	786	1 
619	408	4 
619	1052	3 
620	229	5 
621	921	5 
622	38	4 
622	150	5 
622	1165	3 
622	1432	2 
622	1433	5 
622	1468	3 
623	154	4 
623	1680	5 
624	490	3 
624	800	4 
624	1453	5 
625	41	4 
625	49	4 
625	98	5 
625	145	2 
625	623	4 
625	949	4 
626	743	5 
628	316	4 
628	361	4 
628	382	4 
628	560	2 
628	646	3 
628	872	1 
629	1405	3 
630	591	5 
630	934	5 
630	1137	5 
630	1278	4 
631	866	5 
631	1002	5 
632	43	4 
632	427	5 
633	1345	5 
635	371	5 
636	361	3 
636	871	4 
637	64	5 
638	84	3 
638	171	4 
638	523	3 
638	558	4 
638	861	3 
638	979	4 
639	729	5 
639	823	4 
639	1154	5 
640	72	5 
643	358	3 
644	185	3 
644	848	3 
647	146	5 
648	78	5 
648	229	5 
648	592	5 
648	802	3 
649	15	4 
649	97	5 
649	540	5 
652	730	3 
652	1092	3 
654	376	4 
655	1624	5 
656	1350	5 
659	67	4 
659	395	4 
659	1525	4 
660	212	5 
660	645	5 
660	984	4 
660	1506	4 
662	131	5 
663	608	5 
664	41	4 
664	116	4 
665	987	5 
665	1049	4 
666	70	5 
666	229	5 
666	439	3 
666	547	5 
666	634	3 
666	643	5 
666	819	5 
666	847	5 
666	1247	4 
668	227	3 
671	159	5 
671	299	5 
671	539	4 
671	585	5 
672	85	3 
672	861	4 
672	1666	4 
674	150	4 
675	595	5 
675	1274	5 
676	1093	3 
677	648	2 
678	30	5 
679	88	3 
679	201	5 
679	304	5 
681	161	5 
681	1215	5 
683	39	5 
683	197	5 
683	1146	4 
683	1616	5 
683	1677	5 
684	1223	3 
685	97	4 
685	98	5 
685	610	4 
685	1182	4 
686	422	5 
688	1235	5 
688	1651	5 
690	733	5 
691	641	4 
691	814	4 
691	846	3 
691	1101	4 
692	3	4 
692	634	5 
692	1089	4 
692	1280	5 
692	1298	5 
692	1400	4 
693	108	4 
693	1281	3 
693	1531	5 
694	58	4 
694	168	4 
694	507	4 
695	1578	5 
698	35	5 
698	1038	4 
698	1449	4 
699	848	4 
700	901	4 
701	624	5 
701	1301	5 
703	125	5 
703	164	5 
703	189	5 
703	330	5 
704	514	5 
707	554	4 
708	277	5 
708	727	4 
708	851	2 
709	402	5 
709	1195	5 
711	437	5 
712	26	5 
712	569	3 
712	1199	5 
713	1075	4 
713	1230	3 
714	66	5 
714	196	3 
714	571	2 
714	1656	4 
715	480	3 
715	770	4 
715	802	3 
715	1026	4 
715	1202	3 
715	1357	5 
716	1694	5 
717	559	5 
718	1123	4 
719	460	4 
719	1293	5 
720	12	5 
720	1124	5 
720	1350	5 
721	94	4 
721	253	4 
721	787	5 
721	973	4 
721	1030	5 
721	1450	5 
721	1716	5 
722	533	4 
722	1328	4 
725	433	5 
725	936	5 
728	351	4 
728	428	5 
728	800	5 
729	653	5 
730	1114	5 
731	96	5 
731	627	5 
731	941	4 
731	1266	4 
733	1312	4 
734	94	4 
734	868	4 
734	1407	4 
736	303	3 
737	18	3 
738	15	4 
739	52	4 
739	81	5 
739	288	4 
739	478	2 
739	547	5 
739	838	4 
739	1108	4 
739	1167	4 
739	1258	4 
740	1561	1 
742	1629	5 
743	624	5 
743	1449	5 
744	192	5 
745	138	3 
745	242	2 
745	338	4 
745	857	4 
745	1212	4 
748	1391	5 
749	668	5 
750	52	4 
750	638	3 
750	1364	4 
751	991	3 
752	1237	3 
752	1719	4 
753	488	4 
754	1233	4 
755	298	3 
755	382	4 
755	447	4 
755	1194	3 
757	1710	3 
758	1256	5 
758	1620	5 
759	99	5 
760	115	4 
762	229	5 
762	372	5 
763	45	4 
763	863	4 
763	922	3 
763	1177	3 
763	1605	4 
764	185	4 
765	539	4 
765	1442	3 
766	231	4 
766	253	3 
769	784	5 
770	283	4 
770	563	4 
770	880	5 
770	1440	4 
771	164	3 
771	1046	1 
774	790	5 
774	1021	3 
776	928	4 
776	1235	4 
777	52	3 
777	204	4 
777	494	4 
777	659	3 
777	895	4 
777	1155	4 
777	1199	4 
781	74	5 
781	535	5 
781	977	4 
782	1007	5 
783	893	2 
784	17	3 
785	779	2 
787	329	5 
787	372	5 
788	153	5 
789	135	4 
789	1311	1 
790	826	5 
791	687	4 
791	777	4 
792	28	5 
792	524	5 
792	1665	5 
794	512	4 
794	795	5 
794	1321	5 
795	1446	5 
796	129	5 
797	230	5 
798	1018	5 
800	501	3 
800	1429	4 
800	1688	5 
805	360	5 
806	431	5 
806	495	5 
806	539	5 
806	887	4 
806	918	5 
811	260	5 
811	1283	4 
812	273	3 
812	633	5 
812	1138	2 
812	1223	3 
813	321	5 
813	1504	5 
816	56	4 
816	99	5 
816	188	4 
817	921	5 
817	1017	5 
817	1191	4 
818	552	5 
818	726	5 
818	979	5 
819	9	4 
819	190	4 
819	261	4 
819	277	4 
819	381	5 
819	824	3 
819	1090	5 
820	125	4 
820	384	4 
820	552	4 
820	920	3 
821	229	4 
822	340	4 
822	493	4 
824	789	4 
824	1038	5 
824	1246	5 
825	683	4 
826	140	4 
826	1303	5 
829	39	3 
830	118	5 
830	254	1 
830	573	3 
830	842	4 
834	100	5 
835	732	5 
835	1120	5 
835	1430	5 
836	58	5 
836	896	5 
838	559	5 
839	901	4 
839	1004	4 
841	42	5 
841	1135	5 
842	83	5 
842	515	5 
842	1194	5 
844	1410	5 
845	77	5 
845	847	3 
845	944	4 
845	969	3 
846	1145	3 
846	1185	4 
846	1215	2 
848	1719	5 
849	989	5 
849	1591	4 
853	952	3 
854	123	5 
854	758	5 
855	1676	3 
856	98	4 
856	127	5 
856	1134	2 
858	607	2 
860	363	5 
861	1105	3 
861	1118	5 
862	540	5 
863	782	4 
864	210	5 
865	1423	4 
866	242	1 
866	447	4 
866	688	2 
866	1565	2 
870	128	4 
870	538	3 
872	58	4 
872	871	4 
872	987	4 
872	1041	3 
873	97	4 
873	221	5 
873	255	4 
873	371	4 
874	243	4 
874	1664	4 
875	350	5 
875	470	5 
875	471	3 
875	751	4 
875	819	4 
875	1368	4 
877	426	5 
878	1105	5 
878	1494	5 
880	316	5 
880	595	5 
880	904	5 
881	67	4 
881	1353	5 
881	1389	5 
882	72	4 
882	852	5 
883	189	3 
883	678	4 
883	834	1 
884	551	4 
886	325	5 
886	328	4 
888	1662	5 
889	1146	3 
890	39	4 
890	169	3 
890	283	4 
890	563	3 
891	255	4 
892	1682	2 
894	149	5 
894	175	5 
894	420	5 
894	1190	5 
894	1324	4 
894	1618	5 
894	1634	5 
895	64	5 
896	77	5 
896	678	3 
896	814	3 
896	1021	4 
896	1084	5 
896	1432	3 
897	154	3 
898	190	3 
898	824	3 
900	1203	5 
901	662	3 
901	883	4 
903	910	5 
905	1113	5 
907	178	4 
907	1003	4 
908	1641	2 
909	3	4 
909	605	4 
910	809	5 
911	1287	3 
912	249	5 
912	730	5 
913	490	3 
914	106	5 
914	653	2 
914	1382	5 
916	604	4 
919	491	4 
919	792	5 
920	437	5 
920	948	5 
921	141	5 
922	750	4 
923	60	4 
923	127	5 
923	1243	5 
925	93	3 
925	215	5 
925	406	5 
925	591	5 
927	548	4 
928	347	3 
928	598	4 
928	609	4 
928	1477	5 
928	1729	3 
929	1146	4 
930	726	4 
930	908	3 
930	1329	5 
931	312	5 
931	573	2 
931	1530	4 
932	1132	3 
934	579	5 
935	401	5 
936	585	5 
936	1292	5 
937	590	3 
937	1148	5 
939	235	4 
939	249	4 
939	260	4 
939	436	4 
939	802	3 
940	76	4 
940	1211	5 
941	590	1 
943	828	4 
944	216	5 
945	518	2 
946	909	5 
946	1017	5 
947	191	3 
947	300	5 
948	189	5 
950	378	5 
950	539	3 
950	651	5 
950	750	5 
950	963	5 
950	1054	4 
950	1322	5 
952	1630	4 
954	117	4 
954	204	4 
954	1732	5 
956	321	5 
956	678	3 
959	1275	4 
960	9	5 
960	531	5 
961	621	4 
961	885	4 
962	270	4 
962	996	3 
962	1286	3 
967	905	4 
968	265	3 
968	627	3 
968	1239	2 
969	568	3 
969	838	4 
970	615	4 
973	389	4 
973	1240	3 
974	1613	2 
975	135	5 
976	188	5 
976	336	4 
976	991	4 
977	1584	5 
978	388	2 
978	870	5 
978	886	5 
979	1523	5 
980	484	5 
980	930	4 
980	1007	3 
980	1193	5 
980	1204	5 
980	1357	5 
980	1628	1 
982	260	4 
982	939	3 
983	372	4 
984	229	5 
985	1554	5 
986	1276	5 
986	1506	2 
987	150	5 
987	337	5 
987	514	5 
987	671	3 
987	1684	5 
988	934	5 
990	1403	5 
991	18	5 
991	196	2 
991	291	4 
991	599	2 
991	730	3 
992	554	5 
992	1009	3 
994	172	4 
995	274	5 
995	587	5 
995	716	5 
997	1539	5 
997	1552	5 
1000	1267	5 
1000	1729	5 
1002	975	4 
1002	1089	3 
1002	1406	5 
1003	50	5 
1003	1026	5 
1004	453	5 
1004	530	3 
1004	727	5 
1005	1216	2 
1009	561	5 
1009	987	4 
1009	1225	5 
1010	483	5 
1010	1072	4 
1012	1100	4 
1013	29	3 
1013	76	4 
1014	182	4 
1014	371	4 
1015	273	5 
1016	861	5 
1016	1338	4 
1017	341	4 
1018	62	3 
1018	758	5 
1021	1627	4 
1023	1667	5 
1024	1277	5 
1024	1613	5 
1024	1681	5 
1025	815	4 
1025	834	1 
1028	130	4 
1028	874	3 
1030	266	5 
1030	788	5 
1030	1051	4 
1031	609	4 
1031	1345	5 
1032	256	5 
1033	600	5 
1033	1251	5 
1033	1634	4 
1034	423	1 
1034	754	4 
1036	98	2 
1036	522	4 
1041	389	1 
1041	1373	4 
1043	705	5 
1043	1716	5 
1044	80	5 
1045	919	5 
1045	1102	5 
1045	1494	4 
1046	645	5 
1047	271	4 
1047	682	4 
1047	1393	4 
1048	417	5 
1048	830	5 
1050	344	5 
1052	1037	3 
1053	19	4 
1054	1137	4 
1055	108	4 
1055	864	4 
1056	896	5 
1056	1282	4 
1056	1347	5 
1059	727	5 
1059	1401	4 
1061	1573	5 
1064	631	4 
1065	264	3 
1065	1015	5 
1065	1360	4 
1066	799	3 
1071	441	3 
1073	153	5 
1073	425	4 
1075	836	5 
1076	337	1 
1076	561	4 
1076	790	2 
1076	842	4 
1077	986	4 
1079	8	5 
1079	358	5 
1079	1041	4 
1080	499	3 
1080	536	3 
1080	956	5 
1082	94	5 
1082	135	4 
1082	171	5 
1082	248	4 
1082	485	5 
1082	560	4 
1082	672	5 
1082	736	5 
1082	794	5 
1082	802	4 
1082	875	5 
1082	1685	5 
1083	855	4 
1083	1161	5 
1084	1498	3 
1085	915	4 
1087	698	5 
1087	762	1 
1087	1637	5 
1089	750	4 
1090	1053	3 
1092	1167	4 
1095	280	5 
1095	1062	5 
1095	1285	5 
1095	1297	5 
1095	1664	5 
1097	529	3 
1097	1101	5 
1097	1519	5 
1098	1275	4 
1099	581	5 
1099	953	5 
1100	1627	4 
1101	201	5 
1101	1182	2 
1102	94	1 
1103	285	4 
1103	1131	4 
1104	50	5 
1104	383	3 
1104	755	4 
1104	1299	4 
1105	910	4 
1105	1345	5 
1106	729	3 
1106	749	5 
1106	1044	5 
1109	243	4 
1109	938	5 
1110	832	4 
1110	890	4 
1110	1665	5 
1113	870	4 
1115	352	4 
1115	999	4 
1115	1014	4 
1115	1225	4 
1116	1173	5 
1117	381	5 
1117	1119	3 
1118	52	5 
1118	449	5 
1118	1184	5 
1119	168	3 
1119	458	4 
1119	871	5 
1121	511	1 
1121	682	4 
1121	726	5 
1121	1040	5 
1122	454	5 
1122	491	5 
1123	417	5 
1127	262	4 
1127	438	4 
1127	561	4 
1127	971	4 
1128	707	4 
1128	1344	5 
1129	24	4 
1129	234	5 
1129	352	3 
1129	671	5 
1129	840	5 
1129	1365	5 
1130	446	5 
1130	1414	4 
1130	1432	4 
1131	925	5 
1131	1053	5 
1131	1663	5 
1133	35	4 
1133	99	4 
1133	122	4 
1133	437	4 
1133	582	4 
1133	817	3 
1133	1470	4 
1133	1569	5 
1133	1584	4 
1134	923	2 
1134	1020	4 
1134	1619	3 
1135	583	4 
1135	1007	4 
1136	158	5 
1136	232	4 
1136	683	5 
1137	589	4 
1139	165	5 
1140	86	3 
1140	480	3 
1140	861	4 
1140	1277	3 
1141	87	4 
1144	1168	5 
1144	1580	5 
1146	84	4 
1146	293	4 
1146	342	4 
1147	102	5 
1147	1092	4 
1148	343	2 
1148	877	4 
1148	1250	2 
1150	150	5 
1150	852	4 
1151	1451	4 
1153	402	5 
1153	404	5 
1153	852	4 
1153	1652	5 
1155	509	5 
1155	705	5 
1156	1185	5 
1157	178	3 
1157	1414	2 
1158	1364	3 
1158	1528	4 
1160	0	4 
1160	551	4 
1160	913	5 
1162	52	5 
1163	948	5 
1165	1074	5 
1166	1195	5 
1166	1230	5 
1167	1611	5 
1169	881	1 
1169	890	4 
1169	1114	3 
1170	117	4 
1171	1435	5 
1171	1634	2 
1172	46	4 
1172	70	4 
1172	1199	4 
1173	524	5 
1176	1074	5 
1178	135	3 
1179	317	4 
1179	619	4 
1179	1111	1 
1180	62	4 
1180	256	5 
1180	1157	5 
1181	308	2 
1182	72	4 
1182	261	5 
1182	280	4 
1182	1247	5 
1184	98	4 
1184	437	4 
1185	1051	5 
1188	1135	5 
1189	261	2 
1189	632	5 
1191	671	4 
1192	1113	3 
1193	413	5 
1195	983	5 
1195	1183	5 
1196	1320	4 
1197	12	5 
1198	611	5 
1198	1488	5 
1198	1514	5 
1199	1018	4 
1199	1464	4 
1200	376	4 
1200	1073	5 
1201	354	3 
1201	548	4 
1201	561	5 
1201	575	5 
1201	623	3 
1201	790	4 
1201	1469	1 
1202	918	5 
1203	321	5 
1206	155	4 
1207	485	5 
1207	1485	5 
1208	1656	3 
1209	1141	4 
1210	95	4 
1214	311	4 
1214	1157	5 
1214	1252	5 
1215	1690	4 
1216	526	5 
1217	941	2 
1220	3	2 
1220	480	3 
1221	319	5 
1221	739	2 
1222	1173	3 
1223	185	5 
1224	68	5 
1224	726	5 
1225	12	4 
1225	423	2 
1225	1041	3 
1226	601	5 
1227	204	4 
1227	361	5 
1227	376	2 
1227	723	4 
1227	771	5 
1227	1149	4 
1227	1400	4 
1229	1648	4 
1235	404	3 
1237	723	3 
1237	968	3 
1238	39	3 
1238	49	3 
1238	56	4 
1238	351	4 
1238	448	4 
1239	75	5 
1239	253	5 
1239	837	5 
1240	183	3 
1240	559	5 
1240	1615	5 
1240	1667	5 
1240	1687	5 
1242	256	3 
1243	1082	1 
1244	719	3 
1244	1093	4 
1245	1008	5 
1246	1440	4 
1249	16	4 
1249	898	3 
1249	1540	4 
1251	727	5 
1251	1054	3 
1252	13	4 
1252	111	4 
1252	442	3 
1252	623	4 
1252	1139	4 
1254	180	5 
1256	219	4 
1256	483	4 
1256	827	4 
1256	1267	5 
1258	434	4 
1258	1476	2 
1260	1021	2 
1261	1017	5 
1261	1276	5 
1262	912	2 
1263	486	5 
1263	836	5 
1263	1441	4 
1264	638	4 
1264	1061	5 
1264	1517	4 
1265	678	3 
1266	556	3 
1266	1101	5 
1266	1182	4 
1267	113	5 
1267	811	5 
1268	256	5 
1268	608	4 
1268	658	4 
1269	550	5 
1269	861	4 
1271	220	4 
1271	239	3 
1271	1318	4 
1272	312	5 
1272	1463	4 
1273	394	5 
1273	633	5 
1275	560	2 
1275	1166	5 
1275	1347	5 
1276	330	5 
1279	842	4 
1279	1048	4 
1282	1718	5 
1283	1224	5 
1285	634	5 
1286	1348	5 
1286	1443	4 
1288	37	4 
1288	471	5 
1288	582	5 
1288	1280	5 
1288	1364	4 
1289	350	3 
1289	711	5 
1289	1512	5 
1290	808	5 
1291	1404	4 
1293	531	5 
1293	776	4 
1293	1260	5 
1294	676	5 
1294	1639	4 
1295	613	3 
1296	1651	5 
1298	481	3 
1298	484	2 
1298	841	2 
1298	890	3 
1299	615	4 
1299	1443	3 
1301	301	3 
1302	628	5 
1303	196	5 
1303	1285	5 
1303	1406	5 
1304	17	5 
1304	153	5 
1304	730	5 
1304	1337	4 
1306	295	3 
1306	599	3 
1306	824	2 
1306	888	2 
1306	1002	4 
1308	72	5 
1308	171	4 
1308	334	3 
1310	1145	5 
1314	223	4 
1314	588	3 
1314	834	3 
1315	163	5 
1315	172	5 
1315	445	4 
1316	528	5 
1316	926	5 
1318	402	5 
1318	1083	5 
1318	1111	5 
1319	218	4 
1320	859	5 
1321	621	2 
1321	953	4 
1323	260	5 
1323	1548	2 
1325	1524	4 
1327	405	5 
1327	1037	5 
1327	1395	4 
1328	1224	5 
1329	815	4 
1329	995	4 
1330	390	5 
1331	1341	3 
1331	1429	5 
1331	1530	3 
1332	287	1 
1332	557	5 
1333	952	4 
1336	505	5 
1338	253	3 
1339	939	5 
1340	1559	4 
1341	17	4 
1341	1329	4 
1342	1285	5 
1344	296	5 
1345	67	5 
1345	127	5 
1345	938	4 
1345	1158	5 
1346	1614	5 
1347	126	5 
1347	952	3 
1348	1217	5 
1348	1387	4 
1349	333	5 
1350	341	3 
1350	1166	5 
1353	980	3 
1356	238	4 
1356	1560	5 
1357	171	4 
1357	1511	4 
1358	524	5 
1358	843	4 
1359	1588	2 
1360	415	4 
1361	522	5 
1361	610	3 
1362	349	5 
1363	889	5 
1364	183	5 
1365	1312	5 
1366	1038	5 
1367	826	5 
1367	1628	4 
1368	1361	4 
1369	824	1 
1369	1156	4 
1370	252	4 
1372	34	5 
1372	80	5 
1372	152	5 
1372	262	5 
1373	1679	5 
1375	284	5 
1375	1612	4 
1378	1043	4 
1379	859	5 
1381	318	5 
1382	1665	5 
1383	189	4 
1384	221	4 
1385	848	5 
1385	1521	4 
1386	132	5 
1387	311	3 
1387	1401	4 
1388	87	5 
1388	862	4 
1389	916	5 
1390	191	5 
1390	632	4 
1390	1089	5 
1392	26	4 
1392	747	4 
1393	12	5 
1393	148	5 
1393	730	3 
1393	1406	5 
1394	1086	5 
1395	212	3 
1396	745	5 
1396	1062	5 
1396	1176	3 
1398	221	5 
1398	1602	1 
1399	656	5 
1400	801	4 
1400	1121	4 
1400	1167	3 
1401	240	4 
1401	556	3 
1401	1004	5 
1402	213	5 
1402	1430	5 
1402	1714	5 
1404	782	4 
1404	1029	5 
1404	1468	4 
1405	1332	4 
1407	74	5 
1409	950	4 
1409	1482	5 
1410	905	5 
1411	72	5 
1411	710	4 
1411	802	2 
1411	1627	4 
1412	294	4 
1412	410	1 
1412	905	5 
1419	351	4 
1422	720	5 
1422	1596	5 
1424	804	5 
1425	397	2 
1426	597	5 
1427	1556	4 
1427	1592	4 
1430	504	4 
1431	277	4 
1431	563	4 
1432	216	4 
1432	370	4 
1432	613	3 
1432	1199	5 
1433	551	4 
1433	852	5 
1433	855	4 
1434	1264	5 
1435	97	4 
1435	145	4 
1435	178	3 
1436	650	4 
1436	1630	5 
1437	375	2 
1437	1358	5 
1438	1389	3 
1439	1535	5 
1440	1541	4 
1441	188	4 
1441	589	5 
1442	260	4 
1443	1699	4 
1446	359	4 
1446	408	4 
1446	499	3 
1448	1652	5 
1449	459	5 
1450	1532	5 
1452	9	4 
1452	496	2 
1452	723	2 
1452	1463	2 
1453	1305	5 
1454	243	4 
1454	335	4 
1454	701	5 
1454	749	2 
1454	777	4 
1454	782	4 
1454	936	4 
1455	126	5 
1455	178	4 
1455	984	5 
1455	1535	5 
1457	1289	5 
1458	459	4 
1458	736	5 
1458	1164	5 
1458	1520	4 
1462	1299	4 
1463	772	5 
1463	1075	4 
1463	1155	5 
1465	564	5 
1465	817	1 
1465	1151	1 
1467	428	4 
1467	496	3 
1467	1199	4 
1468	252	4 
1468	890	2 
1470	293	5 
1471	1512	5 
1472	56	4 
1473	708	4 
1474	44	4 
1474	159	5 
1474	601	5 
1474	953	4 
1476	1109	5 
1477	239	1 
1477	615	2 
1477	1075	3 
1477	1123	3 
1478	167	5 
1478	578	5 
1478	772	5 
1478	1523	5 
1482	1146	2 
1482	1283	4 
1484	85	4 
1484	1061	5 
1484	1532	5 
1485	580	4 
1485	698	5 
1485	1128	5 
1485	1363	3 
1487	678	5 
1489	239	2 
1489	309	5 
1489	416	4 
1491	282	5 
1491	731	5 
1491	784	5 
1491	1713	4 
1494	991	4 
1494	1601	4 
1497	459	5 
1498	1032	5 
1499	253	2 
1499	1086	5 
1499	1548	5 
1501	348	5 
1502	537	4 
1502	1557	5 
1504	678	5 
1505	335	3 
1505	361	5 
1505	371	5 
1505	820	4 
1505	947	5 
1505	1136	4 
1505	1521	4 
1506	682	4 
1507	192	4 
1508	848	4 
1508	1502	4 
1509	1166	5 
1510	595	5 
1510	751	4 
1510	1089	4 
1511	857	4 
1514	309	4 
1514	472	3 
1514	1134	4 
1515	224	5 
1516	152	5 
1517	558	4 
1517	1073	4 
1517	1155	4 
1518	782	5 
1518	1323	3 
1518	1341	5 
1520	1281	3 
1520	1342	4 
1522	327	4 
1522	1632	5 
1526	885	4 
1529	291	5 
1529	394	2 
1529	485	2 
1529	1061	4 
1529	1375	5 
1530	348	5 
1531	908	5 
1532	461	4 
1532	1124	4 
1533	204	3 
1533	216	5 
1533	800	5 
1533	1446	4 
1533	1708	4 
1534	1051	5 
1534	1192	4 
1534	1401	5 
1534	1422	5 
1534	1432	4 
1535	211	5 
1536	596	4 
1536	1318	3 
1537	743	4 
1537	1133	5 
1538	226	5 
1538	1079	3 
1539	1670	5 
1540	581	5 
1541	1135	5 
1541	1271	5 
1542	666	5 
1542	1067	5 
1548	268	5 
1548	417	5 
1549	221	5 
1549	471	3 
1549	1081	4 
1550	46	5 
1552	751	4 
1552	1239	3 
1554	1143	2 
1555	265	4 
1555	385	3 
1556	241	5 
1556	1134	4 
1559	286	5 
1559	676	5 
1559	1667	5 
1560	84	5 
1560	1563	4 
1561	258	5 
1562	538	3 
1563	461	5 
1565	737	3 
1565	979	5 
1565	1145	5 
1567	219	4 
1569	874	3 
1570	1357	5 
1571	835	5 
1571	1151	5 
1572	1025	5 
1572	1326	5 
1575	956	5 
1576	334	4 
1576	1058	5 
1577	615	3 
1577	1348	5 
1578	225	3 
1578	249	4 
1579	1431	5 
1582	148	4 
1583	1147	4 
1585	99	5 
1586	250	5 
1586	632	5 
1587	1038	5 
1587	1039	3 
1589	350	4 
1589	861	4 
1590	99	5 
1592	47	4 
1592	1099	4 
1593	183	3 
1593	340	5 
1594	1149	5 
1594	1194	2 
1594	1434	5 
1596	1485	5 
1597	206	4 
1597	376	4 
1598	948	4 
1598	1392	5 
1600	529	5 
1602	78	5 
1602	1169	4 
1602	1641	4 
1603	153	5 
1603	302	5 
1604	846	4 
1607	107	4 
1607	1332	3 
1608	529	3 
1609	168	3 
1609	1358	5 
1612	723	2 
1612	1586	5 
1612	1716	4 
1613	859	2 
1613	1671	3 
1614	256	5 
1614	523	4 
1614	602	5 
1614	753	3 
1614	754	5 
1614	764	4 
1614	1089	3 
1615	357	5 
1616	583	5 
1617	402	5 
1617	736	5 
1618	1418	4 
1619	21	5 
1619	317	5 
1620	595	4 
1621	1727	5 
1625	201	4 
1625	630	4 
1625	1504	4 
1626	1458	5 
1626	1470	5 
1627	140	3 
1627	398	5 
1628	856	5 
1628	1406	5 
1629	225	4 
1629	607	5 
1630	1658	5 
1632	1556	4 
1634	1497	2 
1636	428	3 
1637	763	4 
1639	187	5 
1639	1493	4 
1640	12	5 
1640	626	5 
1641	827	5 
1642	927	5 
1644	399	3 
1644	583	4 
1646	641	3 
1646	653	5 
1648	250	5 
1649	749	4 
1651	318	4 
1651	882	4 
1651	1364	3 
1652	643	4 
1652	1004	5 
1654	683	4 
1655	798	5 
1656	1570	3 
1658	734	5 
1658	1648	5 
1660	1413	5 
1661	207	5 
1663	285	1 
1664	1311	1 
1664	1705	3 
1665	12	3 
1665	819	4 
1665	1100	4 
1666	1350	5 
1666	1547	5 
1667	845	3 
1667	871	4 
1668	99	5 
1668	413	5 
1669	1244	2 
1669	1435	4 
1670	63	4 
1671	1647	5 
1672	537	2 
1673	673	4 
1673	912	3 
1674	591	5 
1674	790	3 
1675	153	5 
1675	1460	4 
1677	253	3 
1677	1413	5 
1678	1667	5 
1682	96	5 
1684	96	5 
1684	1609	5 
1685	878	4 
1687	574	5 
1687	1352	4 
1690	153	5 
1691	525	5 
1691	562	5 
1692	548	4 
1692	1286	3 
1693	349	1 
1693	749	5 
1695	847	2 
1696	965	5 
1696	1119	4 
1696	1274	5 
1696	1644	3 
1697	1559	3 
1701	430	5 
1703	1232	4 
1704	333	5 
1705	1109	3 
1707	625	5 
1709	817	2 
1710	1630	5 
1712	1603	4 
1714	425	4 
1714	660	4 
1714	693	4 
1714	782	4 
1714	927	4 
1717	412	5 
1718	214	5 
1718	1153	5 
1718	1485	5 
1719	1328	5 
1719	1604	5 
1721	338	2 
1722	968	2 
1722	1259	2 
1724	1684	5 
1724	1723	5 
1725	589	4 
1725	658	4 
1726	402	5 
1726	536	4 
1726	1058	5 
1726	1061	5 
1727	1294	5 
1727	1385	5 
1728	330	5 
1728	1090	5 
1730	470	4 
1730	967	4 
1731	323	4 
1731	641	4 
1733	1278	4 
1735	627	2 
1736	949	5 
1737	310	5 
1738	1201	1 
1739	1175	5 
1740	124	4 
1742	1399	4 
1743	617	3 
1745	1196	4 
1746	1498	2 
1747	1058	5 
1748	1622	5 
1750	902	5 
1750	1030	5 
1751	1257	1 
1752	343	5 
1758	895	4 
1759	1245	4 
1760	221	5 
1760	265	5 
1761	668	5 
1761	739	5 
1761	1652	5 
1762	95	5 
1762	170	4 
1762	185	5 
1762	354	4 
1762	1334	5 
1764	892	4 
1764	1724	5 
1766	1407	5 
1767	583	5 
1767	1560	2 
1768	784	3 
1769	1664	4 
1770	1548	4 
1771	278	5 
1772	91	4 
1772	563	4 
1772	584	4 
1773	256	4 
1773	792	3 
1773	1528	3 
1774	632	4 
1775	1622	5 
1779	1647	5 
1780	472	5 
1780	766	4 
1780	1375	5 
1780	1485	5 
1782	625	4 
1782	1662	5 
1783	405	3 
1783	795	4 
1784	514	5 
1784	701	5 
1784	1694	5 
1785	1408	5 
1786	836	4 
1787	617	2 
1787	744	4 
1787	1194	3 
1789	355	5 
1790	680	5 
1791	366	3 
1792	285	5 
1792	515	5 
1792	627	5 
1792	881	4 
1794	461	4 
1794	1625	4 
1795	745	4 
1795	1185	4 
1796	148	5 
1797	1626	5 
1799	371	4 
1800	1651	4 
1802	676	5 
1804	1350	5 
1804	1578	5 
1807	253	3 
1807	688	3 
1807	1018	4 
1807	1682	4 
1809	394	4 
1809	674	3 
1811	350	5 
1812	1392	4 
1813	134	5 
1813	505	4 
1814	116	4 
1814	917	4 
1816	1176	4 
1819	1345	5 
1819	1492	5 
1820	179	5 
1821	409	5 
1821	430	3 
1823	1299	4 
1826	1433	3 
1827	20	5 
1827	229	5 
1830	82	5 
1831	1097	4 
1831	1604	3 
1833	926	4 
1837	4	4 
1837	148	5 
1838	1044	5 
1841	926	5 
1841	1379	5 
1842	152	5 
1842	458	4 
1842	1586	4 
1844	1101	4 
1845	660	4 
1845	1149	4 
1846	1293	3 
1849	169	1 
1853	155	5 
1853	1333	4 
1854	127	5 
1855	604	5 
1856	1580	3 
1857	934	5 
1859	461	5 
1859	866	5 
1860	24	5 
1860	231	5 
1860	487	5 
1861	657	5 
1862	190	4 
1862	312	5 
1862	548	5 
1862	652	5 
1863	63	4 
1863	335	4 
1863	523	3 
1864	41	4 
1864	232	4 
1864	451	4 
1864	837	4 
1866	252	5 
1867	785	5 
1867	1329	5 
1868	80	5 
1868	1047	5 
1868	1101	5 
1869	1684	5 
1869	1724	4 
1870	7	4 
1870	460	3 
1870	1239	4 
1871	694	4 
1871	1086	4 
1872	98	3 
1873	1076	5 
1874	70	4 
1874	591	4 
1875	206	1 
1875	980	3 
1876	1060	5 
1877	1403	5 
1878	817	5 
1879	751	4 
1880	14	2 
1881	1047	2 
1881	1312	5 
1882	754	4 
1883	559	5 
1885	860	4 
1887	214	4 
1887	788	5 
1888	690	4 
1891	956	5 
1893	1056	1 
1894	1351	1 
1895	566	4 
1897	1411	5 
1899	752	5 
1900	1292	3 
1901	117	4 
1903	293	4 
1904	100	5 
1904	417	4 
1904	1303	2 
1904	1597	5 
1905	600	5 
1905	825	5 
1906	150	5 
1907	57	4 
1907	84	3 
1907	788	4 
1908	264	2 
1908	1208	2 
1909	1205	3 
1911	431	4 
1913	53	5 
1918	1120	5 
1919	130	4 
1919	206	4 
1920	927	5 
1921	74	5 
1921	820	4 
1922	1357	5 
1923	1472	2 
1925	1344	4 
1927	1269	5 
1927	1697	5 
1930	1484	5 
1931	77	4 
1933	1454	5 
1937	1336	5 
1939	776	3 
1939	777	3 
1939	1440	3 
1940	158	5 
1940	762	4 
1940	840	4 
1940	1015	4 
1941	1002	5 
1945	1460	5 
1946	1533	2 
1947	1460	5 
1948	1504	5 
1949	1245	3 
1950	1386	4 
1953	738	5 
1953	807	5 
1953	1075	5 
1954	117	4 
1955	139	4 
1955	617	4 
1955	922	5 
1955	1162	3 
1955	1268	4 
1956	413	5 
1956	592	4 
1957	559	5 
1958	1437	5 
1961	752	5 
1961	1236	5 
1963	1043	5 
1964	392	5 
1964	1447	4 
1965	615	4 
1969	127	5 
1969	221	5 
1969	1339	5 
1972	286	5 
1973	627	5 
1973	1147	2 
1973	1179	4 
1974	189	5 
1974	1620	5 
1975	1567	4 
1975	1618	4 
1977	749	3 
1978	308	5 
1978	1179	5 
1979	71	5 
1979	245	5 
1980	267	5 
1980	688	3 
1981	1186	5 
1981	1306	4 
1983	54	4 
1985	628	4 
1986	232	2 
1986	1099	5 
1987	26	5 
1988	1041	1 
1990	90	5 
1991	346	4 
1991	950	4 
1993	250	5 
1995	733	5 
1995	1352	5 
1996	361	4 
1997	1331	4 
1998	397	5 
2000	1453	4 
2002	439	4 
2002	800	4 
2003	1103	5 
2003	1525	4 
2006	1061	5 
2007	1578	4 
2009	35	3 
2009	1283	5 
2010	329	4 
2013	117	5 
2014	541	5 
2014	906	3 
2017	598	5 
2018	495	4 
2018	996	5 
2018	1528	4 
2019	14	5 
2021	1190	5 
2022	428	2 
2023	1172	4 
2024	1125	5 
2026	1030	3 
2027	689	3 
2027	1529	5 
2029	648	5 
2030	289	4 
2030	1002	5 
2031	737	5 
2031	1245	4 
2032	894	5 
2033	1116	3 
2033	1430	5 
2035	1418	4 
2036	266	5 
2037	61	5 
2037	650	5 
2039	52	4 
2039	154	4 
2039	1469	2 
2041	668	5 
2041	1410	5 
2042	1547	5 
2043	929	5 
2043	1456	5 
2045	740	4 
2047	774	5 
2049	724	4 
2050	19	5 
2050	707	4 
2050	1631	5 
2051	556	4 
2051	638	3 
2052	64	5 
2052	444	5 
2052	1009	4 
2052	1583	5 
2053	35	3 
2053	685	5 
2053	1643	3 
2054	196	3 
2055	402	5 
2055	581	5 
2056	180	5 
2057	70	4 
2057	868	5 
2057	1493	4 
2058	1594	2 
2059	64	5 
2059	1489	5 
2061	232	1 
2062	649	3 
2063	10	5 
2064	526	4 
2064	1431	4 
2065	695	5 
2066	926	4 
2067	1457	5 
2068	461	4 
2068	553	5 
2068	1547	5 
2070	559	5 
2072	370	5 
2072	815	5 
2072	1105	5 
2072	1441	5 
2073	153	4 
2074	749	4 
2074	1191	4 
2077	46	5 
2078	308	5 
2080	406	4 
2082	1193	5 
2083	307	4 
2083	721	5 
2083	1339	4 
2084	984	3 
2085	692	4 
2086	203	5 
2086	926	5 
2086	1481	5 
2087	1559	2 
2089	158	5 
2089	1368	1 
2094	345	5 
2095	196	5 
2095	299	5 
2097	170	4 
2097	954	3 
2097	1188	5 
2099	728	4 
2099	1028	4 
2099	1101	4 
2103	146	5 
2103	452	5 
2104	625	5 
2105	1316	5 
2107	1241	4 
2108	84	4 
2108	577	3 
2108	1261	3 
2110	628	5 
2111	1355	5 
2113	222	5 
2113	1390	4 
2114	400	5 
2116	1103	4 
2117	668	5 
2117	1623	5 
2119	1422	5 
2120	936	4 
2121	255	5 
2121	728	5 
2122	1326	5 
2122	1620	5 
2124	603	5 
2124	825	5 
2124	1551	5 
2126	21	5 
2126	114	5 
2126	373	5 
2126	391	5 
2126	1500	5 
2127	797	2 
2129	1007	3 
2131	526	5 
2132	1347	4 
2135	668	5 
2135	686	2 
2136	282	5 
2136	452	5 
2137	652	5 
2138	559	5 
2140	488	3 
2141	412	4 
2142	1470	5 
2143	1514	5 
2144	401	5 
2144	1697	5 
2145	795	5 
2146	915	3 
2146	1201	1 
2148	150	4 
2149	800	4 
2150	764	5 
2150	956	5 
2151	652	5 
2151	754	5 
2152	1481	5 
2154	1463	2 
2155	1439	5 
2155	1573	5 
2156	609	5 
2156	868	4 
2156	1411	5 
2158	353	4 
2158	739	2 
2158	1378	2 
2159	64	5 
2159	500	5 
2159	1237	5 
2160	717	5 
2161	1726	3 
2162	1532	5 
2163	1058	4 
2163	1430	3 
2165	786	3 
2166	193	3 
2166	607	5 
2166	1208	2 
2167	1436	5 
2167	1492	5 
2168	232	3 
2168	1286	3 
2169	985	5 
