75
226
456
171
557
129
361
635
692
194
118
165
265
451
413
518
117
802
88
508
157
537
583
294
492
255
223
251
189
418
323
24
485
334
491
369
274
534
698
554
55
633
439
260
276
615
341
132
372
14
362
539
77
300
51
506
328
111
11
313
669
649
303
564
210
240
542
213
427
345
409
179
113
37
163
393
121
612
291
455
338
459
708
287
487
58
349
201
502
750
99
126
98
446
230
89
620
48
742
174
589
490
234
535
438
561
478
645
122
660
302
87
91
532
114
330
339
120
5
283
45
700
519
674
705
579
224
344
386
159
575
530
486
268
778
379
101
270
71
425
794
560
651
733
684
387
320
131
359
144
261
756
50
150
630
412
377
212
428
433
625
358
264
514
65
476
142
357
254
710
689
7
279
110
10
728
16
383
202
217
246
867
806
556
408
82
707
769
295
568
188
227
410
96
479
701
340
436
489
801
587
0
628
74
729
524
17
442
315
333
521
559
464
752
116
477
860
394
248
503
460
296
543
80
33
332
318
184
757
170
639
690
676
650
731
605
247
617
896
541
280
526
654
812
888
54
567
312
382
736
540
84
423
600
429
469
590
511
545
381
235
278
306
112
703
681
149
348
748
520
538
761
36
678
767
574
123
239
740
835
366
191
308
558
675
214
646
695
509
739
777
8
496
263
353
586
546
480
293
598
536
655
331
440
816
754
772
467
64
577
435
773
644
391
466
759
552
39
403
457
668
173
151
29
621
498
730
422
758
375
147
832
286
515
145
238
805
836
930
851
811
185
890
407
640
870
432
154
288
572
726
683
342
35
392
231
138
529
798
891
450
719
20
465
373
193
434
751
156
828
597
309
592
482
396
663
787
463
869
497
776
584
677
267
299
565
566
215
277
732
472
734
104
437
404
673
187
813
368
449
907
775
929
555
859
670
685
319
551
779
720
573
608
204
872
912
722
180
595
679
327
395
402
307
624
755
562
715
527
528
421
505
310
374
411
158
713
523
837
892
845
93
712
766
658
680
893
166
134
883
899
483
878
225
648
419
601
840
919
856
162
691
745
109
474
873
702
746
657
662
764
647
768
848
747
829
632
789
934
531
793
298
808
481
52
424
517
846
106
462
533
229
882
611
858
623
664
653
289
902
258
388
594
782
571
322
343
656
667
744
824
908
139
582
792
807
43
900
666
788
814
390
522
843
347
46
232
206
642
841
244
452
844
484
709
884
800
922
259
610
613
885
643
504
370
63
817
53
864
926
941
337
495
704
774
925
833
834
41
637
686
790
389
475
718
760
839
297
638
895
241
81
304
791
826
494
827
699
866
108
804
588
426
448
618
822
911
737
738
786
903
471
604
714
765
378
400
641
881
914
937
578
593
905
821
897
458
626
795
938
281
367
735
603
627
711
721
275
444
634
770
585
723
797
831
935
550
725
847
415
619
659
717
862
443
682
473
932
445
849
855
868
877
454
796
876
596
809
917
940
942
609
687
724
784
865
887
928
671
762
823
825
915
931
741
863
549
31
269
636
693
749
909
207
815
548
661
696
810
819
830
857
861
923
933
939
616
622
803
135
569
672
898
901
910
665
141
771
222
606
753
924
697
818
853
904
250
838
874
880
906
243
871
688
799
321
602
694
763
850
614
500
875
921
488
581
652
125
927
889
913
879
783
916
501
376
167
781
785
854
936
886
607
918
706
920
563
727
820
842
780
852
499
894
570
