49
277
595
143
29
473
176
531
317
251
565
574
453
184
489
376
87
325
230
6
562
203
207
474
320
185
155
200
74
281
827
393
240
40
395
391
76
259
189
509
628
781
229
667
173
384
511
16
84
558
193
310
197
236
34
303
97
25
3
726
256
700
477
140
20
171
634
15
224
297
498
209
624
275
58
330
39
119
459
469
141
78
466
318
502
750
93
214
31
790
375
603
273
106
559
430
233
333
103
215
799
26
404
412
920
435
541
812
194
572
620
120
364
639
488
533
842
81
30
204
421
21
547
48
365
736
801
760
388
56
584
112
687
258
478
717
972
110
238
329
4
247
674
1000
415
625
762
167
678
341
906
987
690
961
151
386
904
372
418
556
51
269
536
242
380
858
315
764
12
133
659
367
492
288
610
1035
27
268
190
347
600
629
487
633
61
108
153
195
218
323
463
23
66
302
626
521
50
234
278
313
702
716
1070
526
244
840
165
304
970
316
604
1005
253
294
480
553
57
192
202
392
889
1024
1
211
249
405
