470
683
63
445
455
580
1084
436
28
638
695
704
1064
402
507
17
597
642
648
771
114
199
305
709
897
921
36
186
394
785
64
522
1014
68
169
319
344
949
10
37
94
434
793
111
134
568
602
723
159
505
692
814
877
922
1015
1100
96
166
479
646
703
706
995
67
122
138
181
697
475
513
759
100
42
154
177
359
476
715
13
71
75
309
512
519
542
588
668
755
864
152
426
555
82
107
129
311
411
440
740
117
216
1097
385
446
641
647
689
118
142
160
231
360
501
739
803
865
102
149
252
261
326
361
653
179
221
332
815
1034
187
374
461
490
818
19
126
676
775
147
335
518
746
798
53
60
255
381
62
99
146
174
444
539
656
742
976
1009
191
196
208
334
416
454
471
622
649
1026
98
205
401
673
829
24
109
530
658
905
932
1066
210
280
301
510
621
733
821
55
162
237
382
410
593
772
776
838
92
425
554
701
880
85
271
287
525
538
882
907
14
180
417
484
504
514
927
980
1086
59
289
403
422
427
613
728
1076
44
137
148
150
322
397
551
632
666
786
883
1088
1102
1107
8
38
217
338
371
383
400
767
833
902
903
1057
73
115
139
157
198
306
506
607
616
872
32
72
105
532
850
1022
351
428
472
493
845
946
948
950
220
295
354
373
429
738
938
2
182
239
352
432
497
654
780
800
857
1077
1089
5
65
314
752
835
855
886
894
232
409
524
615
693
860
969
1063
437
582
623
661
684
940
964
101
283
433
450
500
527
614
694
856
879
901
917
926
928
1042
1118
70
88
503
583
657
811
971
1004
1029
1058
11
225
241
350
460
663
698
749
751
782
973
1008
0
86
104
348
517
587
596
696
797
807
820
914
943
957
989
1003
1017
54
89
262
431
451
452
458
577
665
848
873
46
52
124
175
212
222
307
308
448
540
585
627
660
777
953
968
1061
1078
135
158
213
246
257
298
378
516
606
662
688
847
866
947
1054
265
339
357
398
499
508
549
747
843
1069
1112
77
136
266
276
282
413
592
630
748
778
824
965
1033
1090
131
132
245
285
343
564
737
792
851
959
978
981
1068
41
227
260
345
356
438
581
713
791
828
874
900
911
912
996
589
591
608
617
635
655
796
923
933
1048
1059
1080
248
250
279
439
535
770
853
909
963
986
1011
1023
1052
1096
123
324
447
468
495
515
652
756
795
836
863
876
895
941
958
18
121
292
543
560
590
637
731
732
754
823
859
878
979
982
1020
1037
83
113
116
130
219
327
342
358
362
390
482
545
571
651
765
830
837
891
896
942
1032
1041
1050
1101
1127
22
45
95
188
226
299
486
529
601
611
711
724
758
766
789
1007
1036
1044
1045
1115
35
80
424
449
523
563
578
598
679
779
806
861
870
885
899
916
952
984
156
168
183
272
284
300
340
368
414
576
609
618
714
729
794
810
816
844
849
852
868
890
910
913
954
994
997
1010
1027
1056
1125
1126
33
286
465
573
734
753
787
805
826
915
931
967
988
993
1030
1039
1051
1055
1075
1087
1094
1108
9
291
363
366
396
407
420
612
669
744
802
893
983
1049
1060
1062
1093
79
145
164
274
379
544
569
570
594
722
822
832
884
898
934
960
1006
1046
1083
91
163
235
267
331
377
387
528
557
567
672
691
712
718
719
720
741
804
839
867
908
924
939
956
974
977
985
990
1079
223
228
270
296
337
546
552
575
631
645
680
707
761
763
784
808
825
854
962
991
998
1001
1013
1111
254
321
464
640
664
721
725
727
735
788
841
930
975
1016
1018
1038
1116
1124
7
43
90
128
161
263
312
346
389
419
441
496
534
550
566
675
682
745
813
817
871
935
999
1028
1043
1073
1114
349
406
456
605
644
671
677
699
768
773
831
834
918
1031
1065
1072
1085
1092
1110
1121
69
172
201
243
408
423
443
483
548
579
670
705
710
743
887
1002
1047
1067
1082
47
144
467
586
636
819
919
936
1021
1071
1095
1099
170
178
293
336
353
650
681
774
846
888
892
944
1019
1025
1105
1120
264
442
462
491
599
730
809
881
925
929
937
992
1103
1109
1122
127
355
485
686
757
783
862
869
945
955
1012
1053
1081
1091
1098
1104
1113
1119
206
457
481
520
708
1106
1129
125
370
399
619
769
875
951
369
494
643
1040
1074
328
537
561
685
966
1117
1123
290
1128
